epoch | loss | sim_loss | var_loss | cov_loss | feat_std | feat_norm | val_loss | val_sim_loss | val_var_loss | val_cov_loss | val_feat_std | val_feat_norm
1 | 38.6491 | 0.2876 | 0.8741 | 9.6057 | 0.5980 | 15.0528 | 43.4492 | 0.2332 | 1.2045 | 7.5069 | 0.4056 | 16.2728
2 | 33.0948 | 0.2822 | 0.8988 | 3.5693 | 0.6508 | 16.0697 | 45.6685 | 0.2320 | 1.1815 | 10.3300 | 0.4423 | 16.6301
3 | 32.0549 | 0.2849 | 0.8507 | 3.6643 | 0.6757 | 16.1044 | 45.6930 | 0.2172 | 1.1850 | 10.6364 | 0.4337 | 16.5093
4 | 31.5966 | 0.2893 | 0.8308 | 3.5943 | 0.6846 | 16.1538 | 46.1727 | 0.2222 | 1.1535 | 11.7805 | 0.4480 | 16.4875
5 | 31.0312 | 0.2987 | 0.7963 | 3.6551 | 0.6958 | 16.1149 | 47.8283 | 0.2341 | 1.1515 | 13.1890 | 0.4607 | 16.4383
6 | 30.7569 | 0.3155 | 0.7431 | 4.2910 | 0.7151 | 15.9015 | 48.5634 | 0.2424 | 1.1037 | 14.9102 | 0.4691 | 16.1197
7 | 30.1948 | 0.3340 | 0.6723 | 5.0371 | 0.7366 | 15.6375 | 50.1832 | 0.2558 | 1.0579 | 17.3407 | 0.4977 | 16.1038
8 | 30.0625 | 0.3546 | 0.6236 | 5.6062 | 0.7500 | 15.4411 | 50.5954 | 0.2655 | 1.0263 | 18.3024 | 0.5012 | 15.8836
9 | 29.7747 | 0.3647 | 0.5910 | 5.8803 | 0.7585 | 15.3713 | 50.1815 | 0.2699 | 1.0012 | 18.4032 | 0.5089 | 15.7811
10 | 29.3956 | 0.3717 | 0.5489 | 6.3809 | 0.7691 | 15.3101 | 51.0592 | 0.2662 | 0.9752 | 20.0242 | 0.5203 | 15.7793
11 | 29.2391 | 0.3800 | 0.5293 | 6.5067 | 0.7742 | 15.2814 | 49.9942 | 0.2619 | 0.9521 | 19.6448 | 0.5167 | 15.7391
12 | 28.7372 | 0.3872 | 0.5096 | 6.3168 | 0.7808 | 15.2765 | 50.2345 | 0.2667 | 0.9601 | 19.5639 | 0.5266 | 15.7151
13 | 28.8265 | 0.3930 | 0.4830 | 6.9273 | 0.7900 | 15.1593 | 50.8650 | 0.2552 | 0.9651 | 20.3566 | 0.5245 | 15.5994
14 | 29.4632 | 0.3964 | 0.4951 | 7.1755 | 0.7857 | 15.0894 | 51.0467 | 0.2675 | 0.9591 | 20.3806 | 0.5166 | 15.3974
15 | 29.5429 | 0.3954 | 0.4956 | 7.2680 | 0.7870 | 15.1000 | 51.5118 | 0.2639 | 0.9916 | 20.1248 | 0.5161 | 15.5446
16 | 29.1446 | 0.3939 | 0.4898 | 7.0506 | 0.7893 | 15.1568 | 50.3962 | 0.2561 | 0.9815 | 19.4556 | 0.5237 | 15.5898
17 | 29.4439 | 0.4059 | 0.4843 | 7.1903 | 0.7914 | 15.0892 | 51.1569 | 0.2731 | 0.9750 | 19.9530 | 0.5154 | 15.3146
18 | 29.4334 | 0.4097 | 0.4611 | 7.6629 | 0.7946 | 14.9692 | 51.5665 | 0.2668 | 0.9424 | 21.3367 | 0.5288 | 15.4625
19 | 29.2037 | 0.4185 | 0.4325 | 7.9271 | 0.8037 | 14.8512 | 51.3210 | 0.2712 | 0.9309 | 21.2692 | 0.5267 | 15.2597
20 | 29.1087 | 0.4254 | 0.4265 | 7.8105 | 0.8031 | 14.7986 | 52.8584 | 0.2762 | 0.9407 | 22.4361 | 0.5264 | 15.2415
21 | 29.3318 | 0.4421 | 0.4063 | 8.1226 | 0.8092 | 14.6259 | 53.8685 | 0.3145 | 0.9177 | 23.0633 | 0.5325 | 15.1267
22 | 29.0448 | 0.4533 | 0.3916 | 7.9242 | 0.8097 | 14.5511 | 53.9635 | 0.2861 | 0.9283 | 23.6026 | 0.5348 | 15.2244
23 | 29.5134 | 0.4544 | 0.3880 | 8.4533 | 0.8107 | 14.4382 | 53.7108 | 0.2855 | 0.9285 | 23.3610 | 0.5360 | 14.9631
24 | 29.4711 | 0.4516 | 0.3807 | 8.6616 | 0.8115 | 14.4372 | 53.8592 | 0.2762 | 0.9586 | 22.9879 | 0.5228 | 14.9148
25 | 29.8136 | 0.4516 | 0.3909 | 8.7529 | 0.8047 | 14.4694 | 54.3764 | 0.2861 | 0.9368 | 23.8038 | 0.5388 | 15.1461
26 | 29.4688 | 0.4511 | 0.3735 | 8.8521 | 0.8140 | 14.4258 | 55.8443 | 0.3005 | 0.9306 | 25.0655 | 0.5329 | 14.8800
27 | 29.4478 | 0.4525 | 0.3672 | 8.9549 | 0.8164 | 14.4041 | 54.7733 | 0.2824 | 0.9195 | 24.7274 | 0.5444 | 15.1599
28 | 29.8655 | 0.4558 | 0.3820 | 8.9206 | 0.8134 | 14.4085 | 55.0803 | 0.2815 | 0.9431 | 24.4658 | 0.5352 | 14.9443
29 | 30.0407 | 0.4606 | 0.3780 | 9.0766 | 0.8163 | 14.3786 | 54.5265 | 0.2742 | 0.9529 | 23.8476 | 0.5354 | 15.0297
30 | 31.1173 | 0.4602 | 0.3965 | 9.6975 | 0.8074 | 14.2871 | 55.3127 | 0.2992 | 0.9425 | 24.2695 | 0.5390 | 14.9711
31 | 30.0779 | 0.4612 | 0.3749 | 9.1760 | 0.8151 | 14.2437 | 54.3586 | 0.2776 | 0.9420 | 23.8697 | 0.5239 | 14.7604
32 | 29.4510 | 0.4715 | 0.3572 | 8.7322 | 0.8217 | 14.1868 | 55.4580 | 0.2964 | 0.9281 | 24.8441 | 0.5409 | 14.8631
33 | 29.7877 | 0.4726 | 0.3705 | 8.7119 | 0.8191 | 14.1959 | 55.4922 | 0.2817 | 0.9270 | 25.2733 | 0.5414 | 14.8001
34 | 29.5747 | 0.4794 | 0.3591 | 8.6115 | 0.8226 | 14.1391 | 55.1420 | 0.2914 | 0.9142 | 25.0019 | 0.5498 | 15.0468
35 | 30.3312 | 0.4823 | 0.3765 | 8.8617 | 0.8106 | 14.0940 | 53.7478 | 0.3063 | 0.9072 | 23.4089 | 0.5399 | 14.7962
36 | 30.1908 | 0.4855 | 0.3702 | 8.7993 | 0.8128 | 14.0303 | 55.0494 | 0.2972 | 0.9093 | 24.8874 | 0.5507 | 14.8988
37 | 30.0036 | 0.4844 | 0.3629 | 8.8210 | 0.8182 | 14.0408 | 54.3843 | 0.2879 | 0.9251 | 24.0597 | 0.5374 | 14.6630
38 | 30.0257 | 0.4831 | 0.3586 | 8.9843 | 0.8200 | 14.0252 | 54.5662 | 0.2733 | 0.9226 | 24.6685 | 0.5371 | 14.6747
39 | 29.8282 | 0.4871 | 0.3553 | 8.7669 | 0.8230 | 14.0775 | 54.7200 | 0.3009 | 0.9122 | 24.3925 | 0.5353 | 14.5726
40 | 30.1696 | 0.4882 | 0.3610 | 8.9399 | 0.8166 | 13.9688 | 54.4535 | 0.2901 | 0.9051 | 24.5730 | 0.5499 | 14.8868
41 | 29.8986 | 0.4925 | 0.3568 | 8.6651 | 0.8194 | 14.0006 | 55.2518 | 0.2872 | 0.9124 | 25.2619 | 0.5493 | 14.8806
42 | 30.3848 | 0.4865 | 0.3645 | 9.1100 | 0.8165 | 13.9615 | 55.7392 | 0.2770 | 0.9401 | 25.3129 | 0.5351 | 14.6896
43 | 30.4040 | 0.4986 | 0.3579 | 8.9905 | 0.8182 | 13.8959 | 55.7793 | 0.2795 | 0.9382 | 25.3368 | 0.5367 | 14.7104
44 | 30.3788 | 0.4864 | 0.3631 | 9.1418 | 0.8161 | 13.9457 | 55.3448 | 0.2903 | 0.9261 | 24.9349 | 0.5355 | 14.5954
45 | 31.1853 | 0.4952 | 0.3754 | 9.4190 | 0.8101 | 13.9003 | 55.3204 | 0.2920 | 0.9445 | 24.4066 | 0.5342 | 14.7641
46 | 31.1310 | 0.4945 | 0.3815 | 9.2291 | 0.8083 | 13.9542 | 53.8614 | 0.2793 | 0.9145 | 24.0158 | 0.5334 | 14.6833
47 | 30.6754 | 0.4879 | 0.3834 | 8.8928 | 0.8111 | 13.9842 | 54.4939 | 0.2785 | 0.9272 | 24.3493 | 0.5419 | 14.8235
48 | 31.1335 | 0.4932 | 0.3933 | 8.9700 | 0.8054 | 13.9604 | 53.6181 | 0.2787 | 0.9392 | 23.1717 | 0.5242 | 14.6913
49 | 31.6249 | 0.4949 | 0.4017 | 9.2079 | 0.8034 | 13.9933 | 54.3954 | 0.2979 | 0.9291 | 23.7217 | 0.5304 | 14.5572
50 | 31.0501 | 0.4924 | 0.3880 | 9.0402 | 0.8093 | 13.9989 | 54.0531 | 0.2721 | 0.9540 | 23.4027 | 0.5239 | 14.8063
51 | 31.2332 | 0.4904 | 0.4097 | 8.7306 | 0.8019 | 14.0391 | 55.3884 | 0.2957 | 0.9462 | 24.3417 | 0.5316 | 14.8010
52 | 31.3663 | 0.4871 | 0.4067 | 9.0224 | 0.8041 | 14.0527 | 55.5670 | 0.2902 | 0.9405 | 24.7996 | 0.5394 | 14.8543
53 | 31.0201 | 0.4911 | 0.3989 | 8.7697 | 0.8061 | 14.0608 | 53.7916 | 0.2777 | 0.9411 | 23.3210 | 0.5256 | 14.7903
54 | 31.3781 | 0.4949 | 0.4012 | 8.9757 | 0.8042 | 14.0183 | 53.7430 | 0.2850 | 0.9445 | 23.0044 | 0.5255 | 14.6850
55 | 31.5317 | 0.5005 | 0.3987 | 9.0521 | 0.8039 | 13.9842 | 55.1310 | 0.3175 | 0.9517 | 23.4009 | 0.5239 | 14.6748
epoch | loss | sim_loss | var_loss | cov_loss | feat_std | feat_norm | val_loss | val_sim_loss | val_var_loss | val_cov_loss | val_feat_std | val_feat_norm
1 | 74.7926 | 0.5386 | 0.9823 | 36.7704 | 0.4846 | 15.1801 | 181.1258 | 0.5530 | 1.5370 | 128.8743 | 0.1631 | 19.7924
2 | 73.9224 | 0.5588 | 0.9356 | 36.5631 | 0.5314 | 15.7585 | 180.4415 | 0.5305 | 1.5429 | 128.6065 | 0.1566 | 19.4868
3 | 73.9194 | 0.5592 | 0.9347 | 36.5710 | 0.5322 | 15.7669 | 176.4738 | 0.5082 | 1.5428 | 125.1979 | 0.1568 | 18.9674
4 | 73.9183 | 0.5593 | 0.9343 | 36.5763 | 0.5326 | 15.7699 | 173.3216 | 0.4940 | 1.5422 | 122.4166 | 0.1572 | 18.7112
5 | 73.9189 | 0.5595 | 0.9341 | 36.5790 | 0.5328 | 15.7723 | 173.5288 | 0.4908 | 1.5402 | 122.7553 | 0.1584 | 18.6178
6 | 73.9191 | 0.5595 | 0.9339 | 36.5824 | 0.5330 | 15.7739 | 169.9260 | 0.4792 | 1.5423 | 119.3882 | 0.1561 | 18.3730
7 | 73.9068 | 0.5596 | 0.9338 | 36.5719 | 0.5331 | 15.7753 | 168.8099 | 0.4855 | 1.5453 | 118.0412 | 0.1524 | 18.4768
8 | 73.9129 | 0.5596 | 0.9337 | 36.5789 | 0.5332 | 15.7761 | 170.0408 | 0.4928 | 1.5462 | 119.0647 | 0.1506 | 18.6391
9 | 73.9080 | 0.5597 | 0.9336 | 36.5753 | 0.5333 | 15.7771 | 167.4194 | 0.4776 | 1.5453 | 116.8464 | 0.1526 | 18.2584
10 | 73.9074 | 0.5597 | 0.9336 | 36.5756 | 0.5333 | 15.7774 | 168.6359 | 0.4808 | 1.5443 | 118.0076 | 0.1536 | 18.3180
11 | 73.9002 | 0.5597 | 0.9335 | 36.5697 | 0.5334 | 15.7781 | 167.7205 | 0.4808 | 1.5438 | 117.1060 | 0.1538 | 18.4027
12 | 73.9011 | 0.5597 | 0.9335 | 36.5703 | 0.5334 | 15.7781 | 165.1558 | 0.4787 | 1.5459 | 114.5416 | 0.1517 | 18.2720
13 | 73.9017 | 0.5597 | 0.9335 | 36.5720 | 0.5334 | 15.7780 | 165.6153 | 0.4788 | 1.5454 | 115.0105 | 0.1521 | 18.2811
14 | 73.8966 | 0.5597 | 0.9335 | 36.5659 | 0.5335 | 15.7787 | 165.6335 | 0.4816 | 1.5465 | 114.9305 | 0.1505 | 18.4074
15 | 73.9077 | 0.5597 | 0.9335 | 36.5777 | 0.5335 | 15.7785 | 164.4193 | 0.4838 | 1.5456 | 113.6837 | 0.1520 | 18.4166
16 | 73.8957 | 0.5597 | 0.9334 | 36.5662 | 0.5335 | 15.7791 | 163.6720 | 0.4851 | 1.5463 | 112.8852 | 0.1512 | 18.4364
17 | 73.9021 | 0.5597 | 0.9334 | 36.5746 | 0.5335 | 15.7789 | 162.0655 | 0.4877 | 1.5455 | 111.2345 | 0.1521 | 18.4635
18 | 73.9061 | 0.5597 | 0.9334 | 36.5767 | 0.5335 | 15.7787 | 163.6541 | 0.4846 | 1.5435 | 112.9525 | 0.1544 | 18.4127
19 | 73.8991 | 0.5597 | 0.9334 | 36.5706 | 0.5335 | 15.7791 | 162.5113 | 0.4869 | 1.5439 | 111.7429 | 0.1540 | 18.4702
20 | 73.9035 | 0.5597 | 0.9333 | 36.5771 | 0.5336 | 15.7800 | 161.7732 | 0.4863 | 1.5430 | 111.0393 | 0.1549 | 18.4265
epoch | loss | sim_loss | var_loss | cov_loss | feat_std | feat_norm | val_loss | val_sim_loss | val_var_loss | val_cov_loss | val_feat_std | val_feat_norm
1 | 97.7260 | 0.8414 | 1.7342 | 49.3284 | 0.5537 | 13.7956 | 164.0911 | 1.0829 | 2.1417 | 145.5350 | 0.3441 | 21.0556
2 | 96.5110 | 0.8995 | 1.6512 | 48.9738 | 0.6368 | 14.8339 | 156.7002 | 0.8910 | 2.1764 | 138.2647 | 0.2999 | 18.3651
3 | 96.4806 | 0.9006 | 1.6496 | 48.9588 | 0.6385 | 14.8564 | 155.0472 | 0.8593 | 2.1797 | 136.3481 | 0.2909 | 17.9479
4 | 96.4698 | 0.9010 | 1.6490 | 48.9496 | 0.6391 | 14.8642 | 152.2987 | 0.8302 | 2.1816 | 132.1896 | 0.2857 | 17.4148
5 | 96.4710 | 0.9012 | 1.6488 | 48.9560 | 0.6394 | 14.8688 | 150.8499 | 0.8053 | 2.1838 | 130.4110 | 0.2816 | 17.0142
6 | 96.4661 | 0.9014 | 1.6485 | 48.9553 | 0.6396 | 14.8712 | 150.2874 | 0.8032 | 2.1859 | 129.2605 | 0.2780 | 16.9187
7 | 96.4650 | 0.9015 | 1.6483 | 48.9568 | 0.6398 | 14.8723 | 150.3647 | 0.7987 | 2.1867 | 129.5882 | 0.2754 | 16.9349
8 | 96.4630 | 0.9015 | 1.6482 | 48.9565 | 0.6399 | 14.8737 | 149.6624 | 0.7803 | 2.1855 | 129.1781 | 0.2763 | 16.5029
9 | 96.4597 | 0.9015 | 1.6482 | 48.9532 | 0.6400 | 14.8759 | 149.5788 | 0.7808 | 2.1894 | 128.7522 | 0.2714 | 16.5400
10 | 96.4564 | 0.9016 | 1.6480 | 48.9513 | 0.6400 | 14.8757 | 149.2316 | 0.7748 | 2.1907 | 128.2772 | 0.2693 | 16.4214
11 | 96.4607 | 0.9016 | 1.6481 | 48.9582 | 0.6401 | 14.8771 | 149.4849 | 0.7685 | 2.1909 | 129.0876 | 0.2685 | 16.3519
12 | 96.4595 | 0.9016 | 1.6479 | 48.9628 | 0.6402 | 14.8772 | 149.6925 | 0.7662 | 2.1947 | 129.3943 | 0.2643 | 16.2223
13 | 96.4538 | 0.9017 | 1.6479 | 48.9507 | 0.6402 | 14.8787 | 148.4277 | 0.7653 | 2.1936 | 126.9720 | 0.2651 | 16.2650
14 | 96.4563 | 0.9017 | 1.6479 | 48.9545 | 0.6402 | 14.8784 | 148.5447 | 0.7596 | 2.1933 | 127.5102 | 0.2650 | 16.0652
15 | 96.4556 | 0.9018 | 1.6477 | 48.9586 | 0.6403 | 14.8791 | 148.3001 | 0.7658 | 2.1937 | 126.6899 | 0.2644 | 16.2309
16 | 96.4517 | 0.9017 | 1.6478 | 48.9503 | 0.6403 | 14.8792 | 147.9776 | 0.7553 | 2.1940 | 126.5490 | 0.2637 | 16.0140
17 | 96.4528 | 0.9018 | 1.6477 | 48.9519 | 0.6404 | 14.8795 | 147.8175 | 0.7575 | 2.1975 | 125.9098 | 0.2600 | 16.0947
18 | 96.4548 | 0.9018 | 1.6477 | 48.9583 | 0.6404 | 14.8801 | 148.0415 | 0.7564 | 2.1985 | 126.3542 | 0.2588 | 16.0299
19 | 96.4576 | 0.9018 | 1.6477 | 48.9640 | 0.6404 | 14.8802 | 147.3925 | 0.7504 | 2.1977 | 125.4042 | 0.2594 | 15.9358
20 | 96.4488 | 0.9018 | 1.6476 | 48.9513 | 0.6404 | 14.8806 | 146.9127 | 0.7517 | 2.1995 | 124.2733 | 0.2575 | 15.9997
21 | 96.4515 | 0.9018 | 1.6477 | 48.9539 | 0.6404 | 14.8808 | 146.4075 | 0.7465 | 2.2002 | 123.4801 | 0.2566 | 15.8907
22 | 96.4504 | 0.9018 | 1.6476 | 48.9537 | 0.6405 | 14.8798 | 146.5937 | 0.7516 | 2.2008 | 123.5594 | 0.2558 | 15.9448
23 | 96.4513 | 0.9018 | 1.6476 | 48.9552 | 0.6405 | 14.8809 | 146.9854 | 0.7485 | 2.2013 | 124.4702 | 0.2553 | 15.8371
24 | 96.4494 | 0.9018 | 1.6476 | 48.9545 | 0.6405 | 14.8818 | 146.6027 | 0.7461 | 2.2003 | 123.8837 | 0.2565 | 15.8019
25 | 96.4539 | 0.9018 | 1.6476 | 48.9611 | 0.6405 | 14.8818 | 145.8039 | 0.7329 | 2.1980 | 123.0811 | 0.2587 | 15.5746
26 | 96.4504 | 0.9019 | 1.6475 | 48.9572 | 0.6406 | 14.8824 | 146.1195 | 0.7415 | 2.2017 | 123.0632 | 0.2550 | 15.6920
27 | 96.4491 | 0.9019 | 1.6475 | 48.9568 | 0.6406 | 14.8820 | 145.6729 | 0.7342 | 2.1978 | 122.7690 | 0.2588 | 15.5464
28 | 96.4517 | 0.9018 | 1.6475 | 48.9602 | 0.6406 | 14.8819 | 145.6986 | 0.7367 | 2.2006 | 122.5263 | 0.2559 | 15.6603
29 | 96.4522 | 0.9018 | 1.6475 | 48.9632 | 0.6406 | 14.8826 | 145.2758 | 0.7306 | 2.2008 | 121.9733 | 0.2557 | 15.5151
30 | 96.4485 | 0.9018 | 1.6475 | 48.9565 | 0.6406 | 14.8821 | 145.0615 | 0.7314 | 2.2011 | 121.4836 | 0.2554 | 15.4924
31 | 96.4517 | 0.9018 | 1.6475 | 48.9591 | 0.6406 | 14.8810 | 145.1882 | 0.7296 | 2.2033 | 121.6987 | 0.2533 | 15.4139
32 | 96.4512 | 0.9019 | 1.6475 | 48.9595 | 0.6406 | 14.8821 | 145.1951 | 0.7263 | 2.2017 | 121.9713 | 0.2546 | 15.4121
33 | 96.4510 | 0.9018 | 1.6475 | 48.9582 | 0.6406 | 14.8821 | 145.1945 | 0.7318 | 2.2008 | 121.7482 | 0.2556 | 15.5006
34 | 96.4507 | 0.9019 | 1.6474 | 48.9603 | 0.6406 | 14.8821 | 144.7585 | 0.7275 | 2.2020 | 121.0197 | 0.2546 | 15.4149
35 | 96.4516 | 0.9019 | 1.6475 | 48.9598 | 0.6406 | 14.8824 | 144.8347 | 0.7251 | 2.2014 | 121.3334 | 0.2552 | 15.3975
36 | 96.4540 | 0.9019 | 1.6475 | 48.9660 | 0.6407 | 14.8830 | 144.7989 | 0.7304 | 2.2021 | 120.9515 | 0.2544 | 15.4585
37 | 96.4516 | 0.9019 | 1.6475 | 48.9611 | 0.6406 | 14.8824 | 144.2933 | 0.7239 | 2.2035 | 120.1797 | 0.2529 | 15.3848
38 | 96.4482 | 0.9018 | 1.6474 | 48.9592 | 0.6407 | 14.8830 | 144.3481 | 0.7266 | 2.2031 | 120.1842 | 0.2534 | 15.4236
39 | 96.4517 | 0.9019 | 1.6474 | 48.9625 | 0.6407 | 14.8826 | 144.1823 | 0.7200 | 2.2000 | 120.3653 | 0.2564 | 15.3081
40 | 96.4487 | 0.9019 | 1.6474 | 48.9566 | 0.6406 | 14.8826 | 144.2359 | 0.7214 | 2.2039 | 120.1721 | 0.2526 | 15.3304
41 | 96.4468 | 0.9018 | 1.6475 | 48.9557 | 0.6407 | 14.8836 | 144.3477 | 0.7247 | 2.2017 | 120.3572 | 0.2546 | 15.3747
42 | 96.4507 | 0.9019 | 1.6475 | 48.9577 | 0.6406 | 14.8826 | 144.1476 | 0.7217 | 2.2022 | 120.0749 | 0.2542 | 15.3141
43 | 96.4484 | 0.9019 | 1.6474 | 48.9558 | 0.6407 | 14.8832 | 144.1472 | 0.7206 | 2.2025 | 120.1118 | 0.2539 | 15.2795
44 | 96.4528 | 0.9019 | 1.6474 | 48.9630 | 0.6407 | 14.8828 | 144.2822 | 0.7181 | 2.2036 | 120.4432 | 0.2530 | 15.2537
45 | 96.4508 | 0.9019 | 1.6474 | 48.9637 | 0.6407 | 14.8834 | 143.7495 | 0.7188 | 2.2039 | 119.3226 | 0.2525 | 15.3056
46 | 96.4460 | 0.9018 | 1.6474 | 48.9589 | 0.6407 | 14.8830 | 144.3348 | 0.7264 | 2.2035 | 120.1371 | 0.2529 | 15.3770
47 | 96.4485 | 0.9019 | 1.6474 | 48.9568 | 0.6407 | 14.8836 | 144.1862 | 0.7229 | 2.2059 | 119.8689 | 0.2505 | 15.3320
48 | 96.4437 | 0.9019 | 1.6474 | 48.9508 | 0.6408 | 14.8847 | 144.0124 | 0.7206 | 2.2042 | 119.7431 | 0.2522 | 15.2823
49 | 96.4424 | 0.9019 | 1.6473 | 48.9504 | 0.6407 | 14.8831 | 144.0289 | 0.7208 | 2.2040 | 119.7786 | 0.2526 | 15.2321
50 | 96.4451 | 0.9019 | 1.6474 | 48.9539 | 0.6407 | 14.8836 | 143.9499 | 0.7151 | 2.2036 | 119.9300 | 0.2529 | 15.1431
51 | 96.4490 | 0.9018 | 1.6474 | 48.9603 | 0.6407 | 14.8832 | 143.8942 | 0.7167 | 2.2034 | 119.7508 | 0.2532 | 15.1667
52 | 96.4497 | 0.9019 | 1.6474 | 48.9634 | 0.6407 | 14.8827 | 144.1900 | 0.7213 | 2.2050 | 120.0123 | 0.2514 | 15.2738
53 | 96.4438 | 0.9018 | 1.6474 | 48.9528 | 0.6407 | 14.8832 | 143.8189 | 0.7154 | 2.2049 | 119.5777 | 0.2515 | 15.1727
54 | 96.4440 | 0.9019 | 1.6473 | 48.9545 | 0.6407 | 14.8834 | 144.2328 | 0.7213 | 2.2054 | 120.0751 | 0.2511 | 15.2595
55 | 96.4420 | 0.9019 | 1.6473 | 48.9509 | 0.6408 | 14.8833 | 144.2291 | 0.7176 | 2.2055 | 120.2510 | 0.2509 | 15.2089
56 | 96.4453 | 0.9019 | 1.6473 | 48.9570 | 0.6408 | 14.8838 | 144.2834 | 0.7194 | 2.2064 | 120.2147 | 0.2501 | 15.2203
57 | 96.4439 | 0.9019 | 1.6473 | 48.9546 | 0.6408 | 14.8847 | 144.1031 | 0.7180 | 2.2067 | 119.9045 | 0.2497 | 15.2102
58 | 96.4461 | 0.9019 | 1.6473 | 48.9578 | 0.6407 | 14.8835 | 144.1293 | 0.7147 | 2.2064 | 120.1352 | 0.2500 | 15.1484
59 | 96.4501 | 0.9019 | 1.6474 | 48.9635 | 0.6407 | 14.8824 | 143.9237 | 0.7129 | 2.2057 | 119.8608 | 0.2509 | 15.1120
60 | 96.4467 | 0.9018 | 1.6474 | 48.9593 | 0.6407 | 14.8829 | 144.0109 | 0.7180 | 2.2059 | 119.7681 | 0.2506 | 15.2167
61 | 96.4463 | 0.9019 | 1.6473 | 48.9603 | 0.6408 | 14.8832 | 144.0179 | 0.7186 | 2.2065 | 119.7167 | 0.2500 | 15.2520
62 | 96.4427 | 0.9019 | 1.6473 | 48.9518 | 0.6407 | 14.8835 | 144.0780 | 0.7164 | 2.2061 | 119.9728 | 0.2504 | 15.1437
63 | 96.4429 | 0.9019 | 1.6473 | 48.9546 | 0.6408 | 14.8835 | 143.9968 | 0.7179 | 2.2054 | 119.7748 | 0.2511 | 15.1838
64 | 96.4448 | 0.9019 | 1.6472 | 48.9583 | 0.6409 | 14.8845 | 143.8625 | 0.7131 | 2.2050 | 119.7706 | 0.2514 | 15.1065
65 | 96.4434 | 0.9019 | 1.6473 | 48.9526 | 0.6407 | 14.8825 | 143.8188 | 0.7143 | 2.2054 | 119.5984 | 0.2511 | 15.1458
66 | 96.4464 | 0.9018 | 1.6474 | 48.9591 | 0.6407 | 14.8837 | 143.8432 | 0.7152 | 2.2053 | 119.6108 | 0.2511 | 15.1390
67 | 96.4501 | 0.9018 | 1.6474 | 48.9635 | 0.6407 | 14.8833 | 143.8845 | 0.7142 | 2.2048 | 119.7675 | 0.2517 | 15.1101
68 | 96.4408 | 0.9019 | 1.6473 | 48.9527 | 0.6408 | 14.8842 | 143.6160 | 0.7112 | 2.2050 | 119.3722 | 0.2515 | 15.0815
69 | 96.4437 | 0.9019 | 1.6473 | 48.9536 | 0.6408 | 14.8840 | 143.6940 | 0.7160 | 2.2048 | 119.3043 | 0.2516 | 15.1818
70 | 96.4394 | 0.9019 | 1.6472 | 48.9503 | 0.6408 | 14.8846 | 143.6409 | 0.7136 | 2.2051 | 119.2998 | 0.2514 | 15.1268
71 | 96.4454 | 0.9018 | 1.6474 | 48.9574 | 0.6408 | 14.8829 | 143.6679 | 0.7124 | 2.2048 | 119.4262 | 0.2517 | 15.0853
72 | 96.4424 | 0.9019 | 1.6473 | 48.9530 | 0.6408 | 14.8823 | 143.7680 | 0.7120 | 2.2056 | 119.5999 | 0.2510 | 15.1175
73 | 96.4456 | 0.9019 | 1.6473 | 48.9581 | 0.6408 | 14.8833 | 143.7846 | 0.7141 | 2.2057 | 119.5244 | 0.2510 | 15.1277
74 | 96.4431 | 0.9018 | 1.6473 | 48.9534 | 0.6407 | 14.8832 | 143.8038 | 0.7141 | 2.2054 | 119.5774 | 0.2513 | 15.1391
75 | 96.4422 | 0.9019 | 1.6473 | 48.9523 | 0.6408 | 14.8835 | 143.7142 | 0.7145 | 2.2059 | 119.3488 | 0.2505 | 15.1145
76 | 96.4449 | 0.9018 | 1.6474 | 48.9579 | 0.6408 | 14.8830 | 143.8140 | 0.7146 | 2.2057 | 119.5566 | 0.2507 | 15.1178
77 | 96.4441 | 0.9019 | 1.6473 | 48.9566 | 0.6408 | 14.8843 | 143.7219 | 0.7110 | 2.2053 | 119.5774 | 0.2512 | 15.0704
78 | 96.4455 | 0.9018 | 1.6473 | 48.9612 | 0.6408 | 14.8836 | 143.8914 | 0.7131 | 2.2060 | 119.7699 | 0.2506 | 15.1229
79 | 96.4457 | 0.9019 | 1.6473 | 48.9611 | 0.6408 | 14.8831 | 143.8317 | 0.7118 | 2.2063 | 119.6933 | 0.2502 | 15.0928
80 | 96.4418 | 0.9019 | 1.6473 | 48.9509 | 0.6408 | 14.8840 | 143.7153 | 0.7112 | 2.2057 | 119.5257 | 0.2508 | 15.0641
81 | 96.4435 | 0.9018 | 1.6474 | 48.9550 | 0.6407 | 14.8822 | 143.6915 | 0.7130 | 2.2055 | 119.4041 | 0.2509 | 15.0902
82 | 96.4415 | 0.9019 | 1.6472 | 48.9545 | 0.6408 | 14.8836 | 143.7223 | 0.7117 | 2.2056 | 119.5246 | 0.2509 | 15.0700
83 | 96.4410 | 0.9019 | 1.6473 | 48.9528 | 0.6408 | 14.8835 | 143.7182 | 0.7113 | 2.2052 | 119.5634 | 0.2513 | 15.0624
84 | 96.4448 | 0.9019 | 1.6473 | 48.9573 | 0.6408 | 14.8838 | 143.7580 | 0.7125 | 2.2054 | 119.5699 | 0.2511 | 15.0764
85 | 96.4467 | 0.9018 | 1.6473 | 48.9652 | 0.6408 | 14.8836 | 143.6508 | 0.7119 | 2.2050 | 119.4061 | 0.2514 | 15.0602
86 | 96.4464 | 0.9018 | 1.6473 | 48.9633 | 0.6408 | 14.8830 | 143.6368 | 0.7123 | 2.2047 | 119.3787 | 0.2516 | 15.0727
87 | 96.4438 | 0.9019 | 1.6473 | 48.9575 | 0.6408 | 14.8838 | 143.7431 | 0.7130 | 2.2059 | 119.4821 | 0.2506 | 15.1038
88 | 96.4423 | 0.9019 | 1.6473 | 48.9557 | 0.6408 | 14.8830 | 143.6768 | 0.7116 | 2.2055 | 119.4450 | 0.2510 | 15.0732
89 | 96.4431 | 0.9018 | 1.6473 | 48.9587 | 0.6408 | 14.8831 | 143.7788 | 0.7119 | 2.2055 | 119.6359 | 0.2511 | 15.0636
90 | 96.4431 | 0.9018 | 1.6473 | 48.9568 | 0.6408 | 14.8835 | 143.7538 | 0.7116 | 2.2053 | 119.6101 | 0.2512 | 15.0669
91 | 96.4424 | 0.9018 | 1.6473 | 48.9549 | 0.6408 | 14.8838 | 143.6973 | 0.7118 | 2.2051 | 119.4980 | 0.2513 | 15.0644
92 | 96.4407 | 0.9018 | 1.6473 | 48.9531 | 0.6408 | 14.8851 | 143.6673 | 0.7110 | 2.2052 | 119.4746 | 0.2513 | 15.0442
93 | 96.4432 | 0.9019 | 1.6472 | 48.9562 | 0.6409 | 14.8835 | 143.7275 | 0.7131 | 2.2054 | 119.4785 | 0.2511 | 15.0920
94 | 96.4424 | 0.9019 | 1.6473 | 48.9552 | 0.6408 | 14.8840 | 143.6425 | 0.7106 | 2.2050 | 119.4551 | 0.2513 | 15.0403
95 | 96.4379 | 0.9018 | 1.6472 | 48.9496 | 0.6408 | 14.8837 | 143.7007 | 0.7110 | 2.2052 | 119.5430 | 0.2514 | 15.0435
96 | 96.4404 | 0.9019 | 1.6473 | 48.9508 | 0.6408 | 14.8831 | 143.6858 | 0.7117 | 2.2054 | 119.4629 | 0.2510 | 15.0675
97 | 96.4448 | 0.9018 | 1.6473 | 48.9587 | 0.6408 | 14.8831 | 143.7271 | 0.7118 | 2.2054 | 119.5404 | 0.2511 | 15.0661
98 | 96.4439 | 0.9019 | 1.6473 | 48.9564 | 0.6408 | 14.8842 | 143.7364 | 0.7109 | 2.2052 | 119.6156 | 0.2511 | 15.0526
99 | 96.4459 | 0.9018 | 1.6474 | 48.9609 | 0.6407 | 14.8828 | 143.7281 | 0.7117 | 2.2056 | 119.5343 | 0.2510 | 15.0724
100 | 96.4437 | 0.9018 | 1.6473 | 48.9610 | 0.6408 | 14.8836 | 143.7346 | 0.7110 | 2.2050 | 119.6189 | 0.2514 | 15.0483
epoch | loss | sim_loss | var_pred | var_target | cov_pred | cov_target | feat_std | feat_std_ctx | feat_norm | val_loss | val_sim_loss | val_var_pred | val_var_target | val_cov_pred | val_cov_target | val_feat_std | val_feat_std_ctx | val_feat_norm
1 | 3.4473 | 0.3705 | 0.7370 | 0.1323 | 0.6818 | 20.2676 | 0.2629 | 0.9379 | 4.3399 | 3.6542 | 0.3196 | 0.7676 | 0.1435 | 8.2062 | 15.1268 | 0.2323 | 0.9656 | 3.9667
2 | 1.5847 | 0.3263 | 0.7003 | 0.0473 | 0.5875 | 3.0455 | 0.2996 | 1.0415 | 4.8154 | 3.1814 | 0.2983 | 0.7194 | 0.1245 | 6.5905 | 12.3930 | 0.2805 | 0.9867 | 4.7132
3 | 1.4675 | 0.3055 | 0.6890 | 0.0488 | 0.5983 | 2.0187 | 0.3109 | 1.0172 | 4.9947 | 2.9883 | 0.2855 | 0.7037 | 0.1154 | 6.4541 | 10.7796 | 0.2962 | 0.9503 | 4.9633
4 | 1.4063 | 0.2928 | 0.6817 | 0.0445 | 0.6008 | 1.5542 | 0.3182 | 0.9599 | 5.1048 | 2.8701 | 0.2755 | 0.6942 | 0.1027 | 6.4740 | 9.7940 | 0.3057 | 0.8892 | 5.0889
5 | 1.3720 | 0.2842 | 0.6765 | 0.0416 | 0.5996 | 1.3134 | 0.3234 | 0.8783 | 5.1819 | 2.7742 | 0.2681 | 0.6875 | 0.0961 | 6.3931 | 9.0381 | 0.3124 | 0.8077 | 5.1909
6 | 1.3516 | 0.2780 | 0.6730 | 0.0399 | 0.5977 | 1.1781 | 0.3270 | 0.7905 | 5.2379 | 2.7492 | 0.2652 | 0.6846 | 0.0903 | 6.3855 | 8.8798 | 0.3153 | 0.7274 | 5.2232
7 | 1.3375 | 0.2751 | 0.6709 | 0.0378 | 0.5961 | 1.0804 | 0.3290 | 0.7099 | 5.2683 | 2.7202 | 0.2624 | 0.6812 | 0.0862 | 6.3120 | 8.7275 | 0.3187 | 0.6587 | 5.2647
8 | 1.3291 | 0.2737 | 0.6698 | 0.0370 | 0.5960 | 1.0142 | 0.3301 | 0.6433 | 5.2836 | 2.7403 | 0.2612 | 0.6805 | 0.0857 | 6.3999 | 8.8511 | 0.3195 | 0.5980 | 5.2814
9 | 1.3263 | 0.2738 | 0.6696 | 0.0382 | 0.5967 | 0.9724 | 0.3303 | 0.5868 | 5.2859 | 2.7413 | 0.2614 | 0.6798 | 0.0860 | 6.4407 | 8.8156 | 0.3201 | 0.5490 | 5.2865
10 | 1.3244 | 0.2737 | 0.6696 | 0.0390 | 0.5990 | 0.9435 | 0.3304 | 0.5424 | 5.2850 | 2.7090 | 0.2626 | 0.6809 | 0.0861 | 6.1261 | 8.8096 | 0.3191 | 0.5127 | 5.2577
11 | 1.3209 | 0.2731 | 0.6692 | 0.0387 | 0.6009 | 0.9159 | 0.3308 | 0.5118 | 5.2894 | 2.7130 | 0.2625 | 0.6814 | 0.0855 | 6.2784 | 8.7016 | 0.3185 | 0.4878 | 5.2522
12 | 1.3189 | 0.2725 | 0.6689 | 0.0384 | 0.6012 | 0.9048 | 0.3311 | 0.4930 | 5.2938 | 2.6636 | 0.2609 | 0.6789 | 0.0843 | 6.1318 | 8.3746 | 0.3210 | 0.4752 | 5.2905
13 | 1.3176 | 0.2721 | 0.6687 | 0.0383 | 0.6018 | 0.8954 | 0.3312 | 0.4842 | 5.2958 | 2.6851 | 0.2604 | 0.6818 | 0.0861 | 6.2214 | 8.4968 | 0.3181 | 0.4691 | 5.2466
14 | 1.3172 | 0.2719 | 0.6686 | 0.0385 | 0.6027 | 0.8911 | 0.3313 | 0.4805 | 5.2974 | 2.6882 | 0.2608 | 0.6800 | 0.0870 | 6.2579 | 8.4663 | 0.3199 | 0.4671 | 5.2852
15 | 1.3192 | 0.2713 | 0.6684 | 0.0404 | 0.6046 | 0.8956 | 0.3316 | 0.4790 | 5.3025 | 2.6792 | 0.2592 | 0.6777 | 0.0894 | 6.1194 | 8.4981 | 0.3223 | 0.4661 | 5.3241
16 | 1.3219 | 0.2702 | 0.6680 | 0.0428 | 0.6066 | 0.9065 | 0.3319 | 0.4805 | 5.3102 | 2.7540 | 0.2573 | 0.6777 | 0.0946 | 6.3403 | 8.9864 | 0.3222 | 0.4674 | 5.3312
17 | 1.3247 | 0.2689 | 0.6678 | 0.0447 | 0.6091 | 0.9243 | 0.3322 | 0.4844 | 5.3162 | 2.7594 | 0.2569 | 0.6791 | 0.0956 | 6.4219 | 8.9593 | 0.3208 | 0.4710 | 5.3085
18 | 1.3270 | 0.2675 | 0.6673 | 0.0458 | 0.6112 | 0.9471 | 0.3326 | 0.4877 | 5.3238 | 2.7657 | 0.2554 | 0.6776 | 0.0974 | 6.3850 | 9.0444 | 0.3223 | 0.4739 | 5.3390
19 | 1.3282 | 0.2662 | 0.6670 | 0.0471 | 0.6127 | 0.9551 | 0.3330 | 0.4917 | 5.3310 | 2.7600 | 0.2555 | 0.6781 | 0.0991 | 6.2065 | 9.1552 | 0.3218 | 0.4769 | 5.3251
20 | 1.3281 | 0.2653 | 0.6670 | 0.0488 | 0.6132 | 0.9471 | 0.3329 | 0.4945 | 5.3306 | 2.7966 | 0.2542 | 0.6782 | 0.1026 | 6.4073 | 9.2977 | 0.3217 | 0.4792 | 5.3268
21 | 1.3287 | 0.2645 | 0.6671 | 0.0508 | 0.6147 | 0.9395 | 0.3328 | 0.4970 | 5.3292 | 2.8113 | 0.2533 | 0.6764 | 0.1049 | 6.4234 | 9.4058 | 0.3236 | 0.4805 | 5.3603
22 | 1.3298 | 0.2643 | 0.6673 | 0.0522 | 0.6152 | 0.9394 | 0.3327 | 0.4977 | 5.3268 | 2.8355 | 0.2538 | 0.6780 | 0.1070 | 6.5483 | 9.4984 | 0.3219 | 0.4812 | 5.3411
23 | 1.3310 | 0.2641 | 0.6674 | 0.0539 | 0.6152 | 0.9383 | 0.3325 | 0.4987 | 5.3249 | 2.8425 | 0.2538 | 0.6795 | 0.1077 | 6.6186 | 9.4991 | 0.3204 | 0.4814 | 5.3128
24 | 1.3320 | 0.2639 | 0.6676 | 0.0553 | 0.6144 | 0.9370 | 0.3324 | 0.5003 | 5.3224 | 2.8314 | 0.2532 | 0.6794 | 0.1082 | 6.5392 | 9.4693 | 0.3205 | 0.4841 | 5.3114
25 | 1.3336 | 0.2638 | 0.6677 | 0.0567 | 0.6143 | 0.9394 | 0.3322 | 0.5031 | 5.3200 | 2.8288 | 0.2521 | 0.6795 | 0.1090 | 6.6410 | 9.3409 | 0.3205 | 0.4869 | 5.3191
26 | 1.3343 | 0.2640 | 0.6680 | 0.0583 | 0.6142 | 0.9304 | 0.3319 | 0.5059 | 5.3165 | 2.8228 | 0.2549 | 0.6800 | 0.1097 | 6.4947 | 9.4015 | 0.3199 | 0.4886 | 5.3018
27 | 1.3356 | 0.2642 | 0.6682 | 0.0598 | 0.6151 | 0.9259 | 0.3317 | 0.5075 | 5.3131 | 2.8228 | 0.2538 | 0.6804 | 0.1121 | 6.4692 | 9.4122 | 0.3196 | 0.4914 | 5.2971
28 | 1.3360 | 0.2639 | 0.6683 | 0.0618 | 0.6144 | 0.9136 | 0.3316 | 0.5097 | 5.3126 | 2.8127 | 0.2518 | 0.6781 | 0.1143 | 6.5286 | 9.2378 | 0.3218 | 0.4931 | 5.3427
29 | 1.3382 | 0.2638 | 0.6685 | 0.0643 | 0.6147 | 0.9121 | 0.3315 | 0.5116 | 5.3109 | 2.8299 | 0.2525 | 0.6813 | 0.1163 | 6.7404 | 9.1746 | 0.3187 | 0.4951 | 5.2984
30 | 1.3396 | 0.2638 | 0.6686 | 0.0664 | 0.6145 | 0.9056 | 0.3313 | 0.5126 | 5.3092 | 2.8716 | 0.2524 | 0.6827 | 0.1187 | 6.8836 | 9.4260 | 0.3173 | 0.4949 | 5.2819
31 | 1.3414 | 0.2637 | 0.6687 | 0.0682 | 0.6145 | 0.9056 | 0.3312 | 0.5130 | 5.3081 | 2.8397 | 0.2537 | 0.6803 | 0.1193 | 6.5781 | 9.3972 | 0.3196 | 0.4955 | 5.3062
32 | 1.3435 | 0.2640 | 0.6690 | 0.0699 | 0.6147 | 0.9066 | 0.3309 | 0.5134 | 5.3039 | 2.8283 | 0.2538 | 0.6807 | 0.1205 | 6.5713 | 9.2733 | 0.3192 | 0.4957 | 5.3020
33 | 1.3447 | 0.2644 | 0.6693 | 0.0713 | 0.6144 | 0.9007 | 0.3307 | 0.5147 | 5.3013 | 2.8339 | 0.2534 | 0.6813 | 0.1218 | 6.6623 | 9.2290 | 0.3187 | 0.4978 | 5.3015
34 | 1.3454 | 0.2648 | 0.6695 | 0.0722 | 0.6133 | 0.8974 | 0.3304 | 0.5160 | 5.2971 | 2.8217 | 0.2547 | 0.6793 | 0.1237 | 6.5416 | 9.1887 | 0.3206 | 0.4983 | 5.3309
35 | 1.3456 | 0.2649 | 0.6696 | 0.0732 | 0.6136 | 0.8864 | 0.3303 | 0.5167 | 5.2965 | 2.8262 | 0.2546 | 0.6812 | 0.1243 | 6.5049 | 9.2768 | 0.3188 | 0.4998 | 5.2941
36 | 1.3467 | 0.2649 | 0.6697 | 0.0745 | 0.6136 | 0.8846 | 0.3303 | 0.5171 | 5.2969 | 2.8344 | 0.2546 | 0.6806 | 0.1258 | 6.5000 | 9.3450 | 0.3193 | 0.4983 | 5.3042
37 | 1.3479 | 0.2648 | 0.6698 | 0.0757 | 0.6130 | 0.8863 | 0.3302 | 0.5182 | 5.2953 | 2.8523 | 0.2543 | 0.6809 | 0.1264 | 6.5989 | 9.4264 | 0.3191 | 0.5013 | 5.2977
38 | 1.3480 | 0.2645 | 0.6698 | 0.0767 | 0.6126 | 0.8817 | 0.3301 | 0.5188 | 5.2945 | 2.8404 | 0.2541 | 0.6835 | 0.1277 | 6.7213 | 9.1762 | 0.3164 | 0.5008 | 5.2654
39 | 1.3486 | 0.2641 | 0.6700 | 0.0778 | 0.6124 | 0.8813 | 0.3300 | 0.5193 | 5.2925 | 2.8044 | 0.2523 | 0.6801 | 0.1304 | 6.4548 | 9.0659 | 0.3198 | 0.5000 | 5.3120
40 | 1.3500 | 0.2635 | 0.6702 | 0.0803 | 0.6120 | 0.8774 | 0.3297 | 0.5186 | 5.2886 | 2.8015 | 0.2543 | 0.6839 | 0.1319 | 6.4378 | 9.0320 | 0.3160 | 0.5004 | 5.2522
41 | 1.3515 | 0.2633 | 0.6705 | 0.0817 | 0.6126 | 0.8791 | 0.3294 | 0.5184 | 5.2856 | 2.8146 | 0.2525 | 0.6833 | 0.1325 | 6.5671 | 9.0442 | 0.3166 | 0.5006 | 5.2609
42 | 1.3531 | 0.2636 | 0.6709 | 0.0832 | 0.6121 | 0.8790 | 0.3290 | 0.5177 | 5.2795 | 2.8565 | 0.2516 | 0.6823 | 0.1358 | 6.7988 | 9.1921 | 0.3176 | 0.4991 | 5.2936
43 | 1.3549 | 0.2634 | 0.6711 | 0.0851 | 0.6132 | 0.8783 | 0.3288 | 0.5167 | 5.2774 | 2.8229 | 0.2516 | 0.6821 | 0.1369 | 6.5161 | 9.1346 | 0.3178 | 0.4981 | 5.2868
44 | 1.3566 | 0.2630 | 0.6713 | 0.0871 | 0.6131 | 0.8801 | 0.3287 | 0.5165 | 5.2759 | 2.8254 | 0.2540 | 0.6841 | 0.1390 | 6.4876 | 9.1537 | 0.3159 | 0.4984 | 5.2505
45 | 1.3592 | 0.2626 | 0.6716 | 0.0896 | 0.6131 | 0.8845 | 0.3283 | 0.5150 | 5.2730 | 2.8388 | 0.2544 | 0.6841 | 0.1407 | 6.4990 | 9.2548 | 0.3158 | 0.4968 | 5.2500
46 | 1.3605 | 0.2626 | 0.6719 | 0.0909 | 0.6135 | 0.8852 | 0.3280 | 0.5133 | 5.2700 | 2.8102 | 0.2523 | 0.6838 | 0.1419 | 6.4718 | 9.0062 | 0.3162 | 0.4947 | 5.2535
47 | 1.3606 | 0.2619 | 0.6720 | 0.0918 | 0.6136 | 0.8833 | 0.3280 | 0.5117 | 5.2694 | 2.7908 | 0.2521 | 0.6828 | 0.1424 | 6.3126 | 8.9659 | 0.3171 | 0.4945 | 5.2704
48 | 1.3618 | 0.2613 | 0.6720 | 0.0932 | 0.6137 | 0.8865 | 0.3279 | 0.5113 | 5.2684 | 2.8225 | 0.2508 | 0.6859 | 0.1449 | 6.5640 | 9.0224 | 0.3140 | 0.4933 | 5.2291
49 | 1.3630 | 0.2608 | 0.6722 | 0.0948 | 0.6135 | 0.8877 | 0.3278 | 0.5101 | 5.2673 | 2.8128 | 0.2524 | 0.6872 | 0.1463 | 6.4328 | 9.0313 | 0.3128 | 0.4913 | 5.2053
50 | 1.3644 | 0.2602 | 0.6725 | 0.0968 | 0.6133 | 0.8886 | 0.3274 | 0.5082 | 5.2627 | 2.8206 | 0.2505 | 0.6835 | 0.1481 | 6.4511 | 9.0801 | 0.3164 | 0.4891 | 5.2660
51 | 1.3652 | 0.2597 | 0.6727 | 0.0980 | 0.6136 | 0.8905 | 0.3273 | 0.5064 | 5.2602 | 2.8154 | 0.2502 | 0.6837 | 0.1492 | 6.4140 | 9.0619 | 0.3163 | 0.4881 | 5.2609
52 | 1.3655 | 0.2589 | 0.6730 | 0.0994 | 0.6121 | 0.8886 | 0.3270 | 0.5048 | 5.2567 | 2.7893 | 0.2479 | 0.6842 | 0.1508 | 6.4015 | 8.8162 | 0.3157 | 0.4876 | 5.2571
53 | 1.3668 | 0.2583 | 0.6732 | 0.1013 | 0.6109 | 0.8910 | 0.3267 | 0.5041 | 5.2535 | 2.8184 | 0.2452 | 0.6834 | 0.1531 | 6.6636 | 8.8350 | 0.3165 | 0.4859 | 5.2886
54 | 1.3686 | 0.2578 | 0.6735 | 0.1034 | 0.6105 | 0.8927 | 0.3264 | 0.5034 | 5.2506 | 2.8046 | 0.2457 | 0.6829 | 0.1547 | 6.4585 | 8.8846 | 0.3170 | 0.4856 | 5.2895
55 | 1.3702 | 0.2571 | 0.6738 | 0.1061 | 0.6094 | 0.8887 | 0.3261 | 0.5023 | 5.2478 | 2.8063 | 0.2459 | 0.6845 | 0.1566 | 6.3648 | 8.9825 | 0.3154 | 0.4843 | 5.2594
56 | 1.3710 | 0.2567 | 0.6739 | 0.1073 | 0.6091 | 0.8895 | 0.3260 | 0.5017 | 5.2467 | 2.8386 | 0.2459 | 0.6875 | 0.1578 | 6.6964 | 8.9600 | 0.3124 | 0.4836 | 5.2256
57 | 1.3719 | 0.2560 | 0.6741 | 0.1090 | 0.6075 | 0.8892 | 0.3258 | 0.5014 | 5.2448 | 2.8157 | 0.2441 | 0.6864 | 0.1597 | 6.4745 | 8.9583 | 0.3135 | 0.4845 | 5.2309
58 | 1.3737 | 0.2554 | 0.6746 | 0.1113 | 0.6073 | 0.8917 | 0.3254 | 0.5006 | 5.2396 | 2.7965 | 0.2430 | 0.6856 | 0.1606 | 6.3562 | 8.8822 | 0.3143 | 0.4833 | 5.2487
59 | 1.3754 | 0.2547 | 0.6748 | 0.1134 | 0.6071 | 0.8938 | 0.3251 | 0.4990 | 5.2378 | 2.8000 | 0.2449 | 0.6888 | 0.1620 | 6.4313 | 8.8170 | 0.3111 | 0.4818 | 5.1971
60 | 1.3762 | 0.2541 | 0.6749 | 0.1150 | 0.6061 | 0.8932 | 0.3250 | 0.4986 | 5.2371 | 2.7974 | 0.2425 | 0.6865 | 0.1640 | 6.4507 | 8.7690 | 0.3134 | 0.4819 | 5.2353
61 | 1.3790 | 0.2534 | 0.6753 | 0.1175 | 0.6061 | 0.9019 | 0.3246 | 0.4981 | 5.2334 | 2.7812 | 0.2441 | 0.6895 | 0.1676 | 6.2545 | 8.7609 | 0.3104 | 0.4806 | 5.1846
62 | 1.3810 | 0.2528 | 0.6756 | 0.1195 | 0.6057 | 0.9093 | 0.3244 | 0.4973 | 5.2301 | 2.7731 | 0.2436 | 0.6884 | 0.1701 | 6.1965 | 8.7163 | 0.3115 | 0.4798 | 5.2011
63 | 1.3837 | 0.2517 | 0.6760 | 0.1229 | 0.6042 | 0.9153 | 0.3240 | 0.4970 | 5.2253 | 2.7597 | 0.2421 | 0.6872 | 0.1733 | 6.1349 | 8.6233 | 0.3127 | 0.4803 | 5.2189
64 | 1.3866 | 0.2509 | 0.6762 | 0.1258 | 0.6034 | 0.9237 | 0.3237 | 0.4968 | 5.2233 | 2.7474 | 0.2419 | 0.6866 | 0.1753 | 5.9526 | 8.6633 | 0.3133 | 0.4798 | 5.2271
65 | 1.3894 | 0.2503 | 0.6765 | 0.1287 | 0.6027 | 0.9285 | 0.3234 | 0.4969 | 5.2199 | 2.7894 | 0.2386 | 0.6898 | 0.1784 | 6.3654 | 8.6709 | 0.3101 | 0.4804 | 5.1949
66 | 1.3920 | 0.2495 | 0.6767 | 0.1312 | 0.6018 | 0.9372 | 0.3232 | 0.4975 | 5.2176 | 2.7715 | 0.2391 | 0.6897 | 0.1803 | 6.2121 | 8.6240 | 0.3102 | 0.4806 | 5.1916
67 | 1.3946 | 0.2490 | 0.6770 | 0.1336 | 0.6013 | 0.9450 | 0.3229 | 0.4978 | 5.2152 | 2.7716 | 0.2381 | 0.6881 | 0.1825 | 6.2146 | 8.6068 | 0.3118 | 0.4825 | 5.2174
68 | 1.3970 | 0.2484 | 0.6773 | 0.1362 | 0.5998 | 0.9503 | 0.3226 | 0.4985 | 5.2124 | 2.7607 | 0.2374 | 0.6895 | 0.1850 | 6.1663 | 8.5295 | 0.3104 | 0.4817 | 5.1971
69 | 1.3994 | 0.2477 | 0.6775 | 0.1387 | 0.5983 | 0.9564 | 0.3224 | 0.4995 | 5.2109 | 2.7590 | 0.2377 | 0.6900 | 0.1867 | 6.0811 | 8.5797 | 0.3099 | 0.4837 | 5.1862
70 | 1.4012 | 0.2472 | 0.6777 | 0.1408 | 0.5973 | 0.9596 | 0.3222 | 0.5007 | 5.2089 | 2.7688 | 0.2365 | 0.6886 | 0.1884 | 6.1703 | 8.5738 | 0.3113 | 0.4842 | 5.2172
71 | 1.4039 | 0.2466 | 0.6779 | 0.1433 | 0.5963 | 0.9668 | 0.3220 | 0.5015 | 5.2067 | 2.7751 | 0.2361 | 0.6913 | 0.1903 | 6.1982 | 8.5994 | 0.3086 | 0.4845 | 5.1760
72 | 1.4062 | 0.2463 | 0.6781 | 0.1454 | 0.5951 | 0.9736 | 0.3219 | 0.5022 | 5.2063 | 2.7693 | 0.2362 | 0.6909 | 0.1919 | 6.1080 | 8.6161 | 0.3090 | 0.4858 | 5.1784
73 | 1.4096 | 0.2456 | 0.6783 | 0.1479 | 0.5935 | 0.9887 | 0.3217 | 0.5029 | 5.2049 | 2.7711 | 0.2352 | 0.6907 | 0.1942 | 6.1282 | 8.5977 | 0.3092 | 0.4866 | 5.1877
74 | 1.4121 | 0.2450 | 0.6784 | 0.1502 | 0.5913 | 0.9983 | 0.3215 | 0.5036 | 5.2048 | 2.7738 | 0.2334 | 0.6890 | 0.1964 | 6.1477 | 8.5930 | 0.3109 | 0.4873 | 5.2194
75 | 1.4141 | 0.2442 | 0.6785 | 0.1528 | 0.5899 | 1.0002 | 0.3214 | 0.5043 | 5.2044 | 2.7581 | 0.2342 | 0.6908 | 0.1988 | 6.0148 | 8.5449 | 0.3091 | 0.4874 | 5.1879
76 | 1.4169 | 0.2435 | 0.6788 | 0.1562 | 0.5878 | 1.0035 | 0.3211 | 0.5042 | 5.2022 | 2.7453 | 0.2328 | 0.6915 | 0.2025 | 5.9747 | 8.4341 | 0.3085 | 0.4887 | 5.1783
77 | 1.4207 | 0.2426 | 0.6792 | 0.1599 | 0.5861 | 1.0131 | 0.3208 | 0.5038 | 5.1986 | 2.7524 | 0.2320 | 0.6924 | 0.2060 | 6.1016 | 8.3477 | 0.3075 | 0.4863 | 5.1718
78 | 1.4243 | 0.2416 | 0.6795 | 0.1640 | 0.5843 | 1.0209 | 0.3204 | 0.5030 | 5.1940 | 2.7312 | 0.2310 | 0.6933 | 0.2099 | 5.9804 | 8.2326 | 0.3066 | 0.4855 | 5.1557
79 | 1.4280 | 0.2406 | 0.6799 | 0.1678 | 0.5819 | 1.0330 | 0.3200 | 0.5019 | 5.1897 | 2.7170 | 0.2302 | 0.6909 | 0.2131 | 5.8280 | 8.2173 | 0.3090 | 0.4852 | 5.1856
80 | 1.4325 | 0.2392 | 0.6803 | 0.1723 | 0.5802 | 1.0485 | 0.3196 | 0.5006 | 5.1846 | 2.7245 | 0.2288 | 0.6941 | 0.2164 | 5.9268 | 8.1759 | 0.3058 | 0.4832 | 5.1459
81 | 1.4367 | 0.2379 | 0.6805 | 0.1763 | 0.5782 | 1.0667 | 0.3194 | 0.4995 | 5.1814 | 2.7256 | 0.2276 | 0.6945 | 0.2206 | 5.9295 | 8.1585 | 0.3054 | 0.4826 | 5.1333
82 | 1.4410 | 0.2365 | 0.6808 | 0.1803 | 0.5763 | 1.0851 | 0.3191 | 0.4986 | 5.1780 | 2.7159 | 0.2265 | 0.6940 | 0.2236 | 5.8518 | 8.1222 | 0.3059 | 0.4827 | 5.1377
83 | 1.4460 | 0.2354 | 0.6811 | 0.1840 | 0.5745 | 1.1110 | 0.3189 | 0.4977 | 5.1746 | 2.7135 | 0.2253 | 0.6943 | 0.2267 | 5.8181 | 8.1133 | 0.3057 | 0.4813 | 5.1356
84 | 1.4508 | 0.2343 | 0.6814 | 0.1876 | 0.5728 | 1.1355 | 0.3185 | 0.4970 | 5.1700 | 2.7165 | 0.2234 | 0.6935 | 0.2297 | 5.8477 | 8.0965 | 0.3064 | 0.4812 | 5.1531
85 | 1.4559 | 0.2334 | 0.6816 | 0.1907 | 0.5710 | 1.1669 | 0.3183 | 0.4961 | 5.1662 | 2.7185 | 0.2236 | 0.6944 | 0.2332 | 5.8062 | 8.1250 | 0.3055 | 0.4807 | 5.1362
86 | 1.4618 | 0.2322 | 0.6821 | 0.1948 | 0.5696 | 1.1992 | 0.3178 | 0.4950 | 5.1599 | 2.7220 | 0.2224 | 0.6953 | 0.2370 | 5.8065 | 8.1403 | 0.3046 | 0.4796 | 5.1193
87 | 1.4668 | 0.2312 | 0.6824 | 0.1982 | 0.5679 | 1.2277 | 0.3175 | 0.4938 | 5.1552 | 2.7330 | 0.2212 | 0.6951 | 0.2401 | 5.8647 | 8.1666 | 0.3048 | 0.4775 | 5.1277
88 | 1.4724 | 0.2304 | 0.6828 | 0.2018 | 0.5666 | 1.2581 | 0.3171 | 0.4925 | 5.1494 | 2.7302 | 0.2209 | 0.6961 | 0.2436 | 5.7989 | 8.1748 | 0.3038 | 0.4763 | 5.1115
89 | 1.4787 | 0.2296 | 0.6833 | 0.2054 | 0.5650 | 1.2940 | 0.3166 | 0.4909 | 5.1427 | 2.7352 | 0.2199 | 0.6959 | 0.2473 | 5.8134 | 8.1851 | 0.3040 | 0.4744 | 5.1140
90 | 1.4848 | 0.2287 | 0.6837 | 0.2090 | 0.5633 | 1.3298 | 0.3162 | 0.4890 | 5.1365 | 2.7432 | 0.2190 | 0.6973 | 0.2510 | 5.7921 | 8.2575 | 0.3026 | 0.4722 | 5.0960
91 | 1.4909 | 0.2279 | 0.6841 | 0.2127 | 0.5621 | 1.3639 | 0.3158 | 0.4870 | 5.1303 | 2.7563 | 0.2181 | 0.6978 | 0.2548 | 5.8571 | 8.2922 | 0.3021 | 0.4701 | 5.0938
92 | 1.4982 | 0.2271 | 0.6847 | 0.2170 | 0.5607 | 1.4048 | 0.3152 | 0.4848 | 5.1227 | 2.7629 | 0.2176 | 0.6979 | 0.2592 | 5.8050 | 8.3744 | 0.3020 | 0.4680 | 5.0900
93 | 1.5059 | 0.2262 | 0.6853 | 0.2213 | 0.5594 | 1.4488 | 0.3147 | 0.4825 | 5.1145 | 2.7751 | 0.2168 | 0.6982 | 0.2633 | 5.8262 | 8.4429 | 0.3017 | 0.4659 | 5.0841
94 | 1.5135 | 0.2255 | 0.6858 | 0.2255 | 0.5582 | 1.4934 | 0.3141 | 0.4803 | 5.1063 | 2.7919 | 0.2162 | 0.6993 | 0.2678 | 5.8725 | 8.5265 | 0.3006 | 0.4640 | 5.0693
95 | 1.5212 | 0.2246 | 0.6864 | 0.2299 | 0.5565 | 1.5374 | 0.3135 | 0.4781 | 5.0977 | 2.8002 | 0.2154 | 0.7002 | 0.2721 | 5.8504 | 8.5964 | 0.2997 | 0.4613 | 5.0571
96 | 1.5290 | 0.2240 | 0.6871 | 0.2341 | 0.5553 | 1.5826 | 0.3129 | 0.4760 | 5.0883 | 2.8122 | 0.2147 | 0.7010 | 0.2763 | 5.8669 | 8.6648 | 0.2989 | 0.4590 | 5.0475
97 | 1.5369 | 0.2233 | 0.6876 | 0.2381 | 0.5544 | 1.6297 | 0.3123 | 0.4743 | 5.0796 | 2.8210 | 0.2143 | 0.7016 | 0.2804 | 5.8536 | 8.7300 | 0.2983 | 0.4577 | 5.0388
98 | 1.5439 | 0.2228 | 0.6882 | 0.2415 | 0.5534 | 1.6717 | 0.3117 | 0.4729 | 5.0714 | 2.8275 | 0.2140 | 0.7019 | 0.2836 | 5.8544 | 8.7664 | 0.2980 | 0.4565 | 5.0345
99 | 1.5490 | 0.2225 | 0.6887 | 0.2442 | 0.5526 | 1.7011 | 0.3113 | 0.4720 | 5.0646 | 2.8343 | 0.2137 | 0.7023 | 0.2860 | 5.8622 | 8.8057 | 0.2976 | 0.4559 | 5.0304
100 | 1.5525 | 0.2223 | 0.6889 | 0.2458 | 0.5529 | 1.7216 | 0.3110 | 0.4716 | 5.0609 | 2.8364 | 0.2135 | 0.7025 | 0.2871 | 5.8549 | 8.8241 | 0.2974 | 0.4557 | 5.0268
epoch | loss | sim_loss | var_pred | var_target | cov_pred | cov_target | feat_std | feat_std_ctx | feat_norm | val_loss | val_sim_loss | val_var_pred | val_var_target | val_cov_pred | val_cov_target | val_feat_std | val_feat_std_ctx | val_feat_norm
1 | 4.1295 | 0.3756 | 0.7451 | 0.1640 | 1.3691 | 26.0102 | 0.2548 | 0.9016 | 4.2502 | 5.6149 | 0.3222 | 0.8056 | 0.1702 | 17.8524 | 24.6873 | 0.1941 | 0.9237 | 3.4795
2 | 1.8443 | 0.3354 | 0.7051 | 0.0542 | 1.2584 | 4.8210 | 0.2948 | 1.0170 | 4.7446 | 4.1802 | 0.2973 | 0.7423 | 0.1376 | 11.4334 | 17.4041 | 0.2575 | 0.9580 | 4.3968
3 | 1.6395 | 0.3069 | 0.6890 | 0.0516 | 1.2804 | 3.0161 | 0.3109 | 0.9913 | 4.9962 | 3.5093 | 0.2803 | 0.7080 | 0.1176 | 9.1570 | 13.2997 | 0.2919 | 0.9281 | 4.9189
4 | 1.5373 | 0.2859 | 0.6773 | 0.0464 | 1.2782 | 2.2199 | 0.3226 | 0.9356 | 5.1746 | 3.2614 | 0.2650 | 0.6898 | 0.1070 | 8.4676 | 11.7313 | 0.3102 | 0.8708 | 5.1867
5 | 1.4981 | 0.2739 | 0.6707 | 0.0475 | 1.2838 | 1.9025 | 0.3292 | 0.8558 | 5.2776 | 3.2796 | 0.2594 | 0.6822 | 0.1061 | 8.5252 | 11.8994 | 0.3177 | 0.7849 | 5.2904
6 | 1.4803 | 0.2700 | 0.6681 | 0.0469 | 1.2952 | 1.7468 | 0.3319 | 0.7621 | 5.3172 | 3.3742 | 0.2577 | 0.6827 | 0.1111 | 9.0248 | 12.2990 | 0.3172 | 0.6877 | 5.2989
7 | 1.4793 | 0.2699 | 0.6685 | 0.0506 | 1.3101 | 1.6832 | 0.3315 | 0.6640 | 5.3171 | 3.4598 | 0.2577 | 0.6830 | 0.1167 | 9.4721 | 12.6346 | 0.3169 | 0.5929 | 5.3209
8 | 1.4773 | 0.2688 | 0.6687 | 0.0560 | 1.3163 | 1.6124 | 0.3312 | 0.5761 | 5.3184 | 3.3609 | 0.2577 | 0.6836 | 0.1183 | 9.2388 | 11.8707 | 0.3163 | 0.5168 | 5.3099
9 | 1.4768 | 0.2684 | 0.6696 | 0.0622 | 1.3188 | 1.5477 | 0.3303 | 0.5037 | 5.3104 | 3.2794 | 0.2584 | 0.6857 | 0.1224 | 8.8609 | 11.4038 | 0.3142 | 0.4556 | 5.2643
10 | 1.4769 | 0.2680 | 0.6704 | 0.0680 | 1.3177 | 1.4967 | 0.3295 | 0.4490 | 5.3041 | 3.2675 | 0.2568 | 0.6841 | 0.1235 | 8.9481 | 11.1917 | 0.3158 | 0.4117 | 5.3044
11 | 1.4747 | 0.2679 | 0.6708 | 0.0707 | 1.3145 | 1.4535 | 0.3291 | 0.4134 | 5.3020 | 3.2134 | 0.2563 | 0.6848 | 0.1239 | 8.8285 | 10.7751 | 0.3151 | 0.3858 | 5.2928
12 | 1.4748 | 0.2676 | 0.6711 | 0.0731 | 1.3123 | 1.4375 | 0.3288 | 0.3941 | 5.2982 | 3.1510 | 0.2549 | 0.6827 | 0.1239 | 8.5861 | 10.4072 | 0.3173 | 0.3762 | 5.3248
13 | 1.4729 | 0.2666 | 0.6710 | 0.0741 | 1.3109 | 1.4184 | 0.3290 | 0.3887 | 5.3024 | 3.1462 | 0.2563 | 0.6857 | 0.1255 | 8.5248 | 10.4103 | 0.3142 | 0.3738 | 5.2651
14 | 1.4769 | 0.2671 | 0.6717 | 0.0776 | 1.3164 | 1.4158 | 0.3282 | 0.3864 | 5.2939 | 3.1762 | 0.2568 | 0.6837 | 0.1284 | 8.6014 | 10.5882 | 0.3162 | 0.3722 | 5.3041
15 | 1.4800 | 0.2683 | 0.6726 | 0.0804 | 1.3204 | 1.4057 | 0.3273 | 0.3846 | 5.2802 | 3.1523 | 0.2582 | 0.6869 | 0.1296 | 8.5483 | 10.3893 | 0.3131 | 0.3702 | 5.2543
16 | 1.4802 | 0.2686 | 0.6732 | 0.0821 | 1.3207 | 1.3917 | 0.3268 | 0.3831 | 5.2720 | 3.1377 | 0.2591 | 0.6888 | 0.1308 | 8.3856 | 10.3999 | 0.3111 | 0.3698 | 5.2131
17 | 1.4799 | 0.2677 | 0.6730 | 0.0831 | 1.3209 | 1.3888 | 0.3269 | 0.3840 | 5.2711 | 3.2357 | 0.2570 | 0.6882 | 0.1351 | 8.8665 | 10.8650 | 0.3117 | 0.3706 | 5.2367
18 | 1.4791 | 0.2662 | 0.6727 | 0.0845 | 1.3198 | 1.3818 | 0.3272 | 0.3852 | 5.2748 | 3.1950 | 0.2554 | 0.6863 | 0.1356 | 8.7697 | 10.5627 | 0.3136 | 0.3720 | 5.2622
19 | 1.4798 | 0.2655 | 0.6727 | 0.0868 | 1.3199 | 1.3748 | 0.3273 | 0.3866 | 5.2750 | 3.1483 | 0.2539 | 0.6854 | 0.1372 | 8.5753 | 10.2881 | 0.3145 | 0.3733 | 5.2744
20 | 1.4786 | 0.2648 | 0.6729 | 0.0887 | 1.3168 | 1.3562 | 0.3270 | 0.3881 | 5.2689 | 3.1064 | 0.2537 | 0.6882 | 0.1389 | 8.3627 | 10.0740 | 0.3118 | 0.3752 | 5.2315
21 | 1.4800 | 0.2643 | 0.6731 | 0.0903 | 1.3175 | 1.3591 | 0.3268 | 0.3902 | 5.2633 | 3.1786 | 0.2522 | 0.6866 | 0.1444 | 8.5246 | 10.5898 | 0.3133 | 0.3765 | 5.2499
22 | 1.4828 | 0.2636 | 0.6732 | 0.0931 | 1.3185 | 1.3654 | 0.3267 | 0.3910 | 5.2617 | 3.1930 | 0.2520 | 0.6866 | 0.1487 | 8.6557 | 10.5623 | 0.3133 | 0.3771 | 5.2532
23 | 1.4855 | 0.2629 | 0.6733 | 0.0958 | 1.3195 | 1.3710 | 0.3267 | 0.3915 | 5.2611 | 3.2269 | 0.2512 | 0.6861 | 0.1506 | 8.6860 | 10.8530 | 0.3138 | 0.3769 | 5.2673
24 | 1.4895 | 0.2623 | 0.6734 | 0.0989 | 1.3204 | 1.3845 | 0.3266 | 0.3915 | 5.2630 | 3.2725 | 0.2531 | 0.6906 | 0.1539 | 8.7077 | 11.2465 | 0.3094 | 0.3763 | 5.1996
25 | 1.4927 | 0.2619 | 0.6735 | 0.1018 | 1.3211 | 1.3889 | 0.3264 | 0.3927 | 5.2649 | 3.3402 | 0.2512 | 0.6878 | 0.1559 | 8.9660 | 11.6518 | 0.3121 | 0.3777 | 5.2496
26 | 1.4963 | 0.2607 | 0.6733 | 0.1056 | 1.3220 | 1.3965 | 0.3266 | 0.3929 | 5.2697 | 3.4278 | 0.2492 | 0.6893 | 0.1654 | 9.3922 | 12.0209 | 0.3106 | 0.3754 | 5.2402
27 | 1.5033 | 0.2585 | 0.6736 | 0.1137 | 1.3225 | 1.4065 | 0.3264 | 0.3898 | 5.2686 | 3.3699 | 0.2491 | 0.6887 | 0.1737 | 8.9981 | 11.7569 | 0.3112 | 0.3710 | 5.2463
28 | 1.5129 | 0.2567 | 0.6744 | 0.1239 | 1.3233 | 1.4196 | 0.3255 | 0.3861 | 5.2581 | 3.4061 | 0.2474 | 0.6893 | 0.1824 | 9.0588 | 11.9842 | 0.3107 | 0.3679 | 5.2447
29 | 1.5211 | 0.2551 | 0.6748 | 0.1310 | 1.3241 | 1.4459 | 0.3251 | 0.3836 | 5.2548 | 3.4735 | 0.2430 | 0.6892 | 0.1890 | 9.5270 | 12.1556 | 0.3107 | 0.3655 | 5.2629
30 | 1.5276 | 0.2535 | 0.6753 | 0.1372 | 1.3244 | 1.4649 | 0.3246 | 0.3817 | 5.2482 | 3.4938 | 0.2427 | 0.6926 | 0.1957 | 9.5581 | 12.2745 | 0.3073 | 0.3637 | 5.2101
31 | 1.5319 | 0.2515 | 0.6758 | 0.1435 | 1.3222 | 1.4681 | 0.3241 | 0.3814 | 5.2434 | 3.4269 | 0.2403 | 0.6911 | 0.1995 | 9.3051 | 11.8435 | 0.3088 | 0.3638 | 5.2313
32 | 1.5374 | 0.2504 | 0.6763 | 0.1495 | 1.3204 | 1.4763 | 0.3237 | 0.3809 | 5.2383 | 3.4794 | 0.2404 | 0.6922 | 0.2032 | 9.5936 | 12.0429 | 0.3077 | 0.3634 | 5.2170
33 | 1.5431 | 0.2500 | 0.6768 | 0.1545 | 1.3192 | 1.4893 | 0.3231 | 0.3805 | 5.2313 | 3.4604 | 0.2386 | 0.6916 | 0.2075 | 9.5105 | 11.9049 | 0.3083 | 0.3631 | 5.2316
34 | 1.5486 | 0.2485 | 0.6773 | 0.1607 | 1.3159 | 1.5002 | 0.3226 | 0.3805 | 5.2260 | 3.4179 | 0.2405 | 0.6959 | 0.2147 | 9.3055 | 11.6066 | 0.3040 | 0.3629 | 5.1630
35 | 1.5527 | 0.2480 | 0.6775 | 0.1651 | 1.3133 | 1.5047 | 0.3225 | 0.3809 | 5.2264 | 3.4034 | 0.2380 | 0.6948 | 0.2156 | 9.1726 | 11.6120 | 0.3051 | 0.3641 | 5.1765
36 | 1.5566 | 0.2475 | 0.6777 | 0.1685 | 1.3127 | 1.5139 | 0.3222 | 0.3807 | 5.2250 | 3.4073 | 0.2385 | 0.6936 | 0.2198 | 9.1402 | 11.6271 | 0.3063 | 0.3631 | 5.2031
37 | 1.5607 | 0.2469 | 0.6782 | 0.1726 | 1.3123 | 1.5187 | 0.3218 | 0.3801 | 5.2208 | 3.4136 | 0.2376 | 0.6938 | 0.2230 | 9.0640 | 11.7500 | 0.3061 | 0.3636 | 5.1953
38 | 1.5635 | 0.2465 | 0.6786 | 0.1753 | 1.3113 | 1.5253 | 0.3213 | 0.3799 | 5.2150 | 3.4198 | 0.2373 | 0.6957 | 0.2271 | 9.0291 | 11.8061 | 0.3042 | 0.3621 | 5.1743
39 | 1.5681 | 0.2460 | 0.6793 | 0.1792 | 1.3126 | 1.5359 | 0.3207 | 0.3790 | 5.2072 | 3.4395 | 0.2378 | 0.6964 | 0.2323 | 9.0774 | 11.9016 | 0.3035 | 0.3619 | 5.1606
40 | 1.5769 | 0.2458 | 0.6799 | 0.1843 | 1.3134 | 1.5752 | 0.3200 | 0.3775 | 5.2001 | 3.4577 | 0.2366 | 0.6961 | 0.2357 | 9.2686 | 11.8657 | 0.3038 | 0.3606 | 5.1721
41 | 1.5814 | 0.2459 | 0.6803 | 0.1873 | 1.3126 | 1.5888 | 0.3196 | 0.3769 | 5.1972 | 3.4515 | 0.2369 | 0.6953 | 0.2397 | 9.1810 | 11.8362 | 0.3046 | 0.3599 | 5.1979
42 | 1.5837 | 0.2448 | 0.6810 | 0.1920 | 1.3110 | 1.5782 | 0.3190 | 0.3768 | 5.1887 | 3.4237 | 0.2351 | 0.6951 | 0.2430 | 9.0207 | 11.7086 | 0.3048 | 0.3605 | 5.1936
43 | 1.5852 | 0.2436 | 0.6814 | 0.1956 | 1.3100 | 1.5699 | 0.3185 | 0.3768 | 5.1836 | 3.4195 | 0.2341 | 0.6976 | 0.2460 | 9.1568 | 11.5095 | 0.3023 | 0.3596 | 5.1661
44 | 1.5890 | 0.2432 | 0.6819 | 0.1988 | 1.3090 | 1.5806 | 0.3180 | 0.3763 | 5.1774 | 3.4504 | 0.2345 | 0.6980 | 0.2489 | 9.2733 | 11.6679 | 0.3019 | 0.3603 | 5.1602
45 | 1.5917 | 0.2433 | 0.6824 | 0.2011 | 1.3087 | 1.5854 | 0.3175 | 0.3762 | 5.1697 | 3.4513 | 0.2330 | 0.6979 | 0.2488 | 9.2671 | 11.7056 | 0.3020 | 0.3601 | 5.1537
46 | 1.5918 | 0.2427 | 0.6827 | 0.2021 | 1.3080 | 1.5843 | 0.3172 | 0.3770 | 5.1647 | 3.4494 | 0.2346 | 0.6989 | 0.2517 | 9.1449 | 11.7686 | 0.3010 | 0.3597 | 5.1372
47 | 1.5976 | 0.2423 | 0.6832 | 0.2045 | 1.3077 | 1.6226 | 0.3167 | 0.3775 | 5.1582 | 3.4325 | 0.2332 | 0.6988 | 0.2552 | 9.0158 | 11.7045 | 0.3011 | 0.3602 | 5.1406
48 | 1.6027 | 0.2415 | 0.6839 | 0.2083 | 1.3076 | 1.6457 | 0.3160 | 0.3774 | 5.1477 | 3.4311 | 0.2326 | 0.7004 | 0.2567 | 9.0769 | 11.6297 | 0.2995 | 0.3607 | 5.1098
49 | 1.6036 | 0.2409 | 0.6843 | 0.2108 | 1.3055 | 1.6383 | 0.3156 | 0.3781 | 5.1420 | 3.4348 | 0.2319 | 0.7000 | 0.2578 | 9.0473 | 11.6905 | 0.2999 | 0.3627 | 5.1163
50 | 1.6061 | 0.2410 | 0.6844 | 0.2110 | 1.3055 | 1.6606 | 0.3155 | 0.3794 | 5.1405 | 3.4671 | 0.2313 | 0.7004 | 0.2597 | 9.2210 | 11.8223 | 0.2995 | 0.3636 | 5.1182
51 | 1.6076 | 0.2403 | 0.6848 | 0.2127 | 1.3039 | 1.6687 | 0.3151 | 0.3810 | 5.1342 | 3.4606 | 0.2332 | 0.7009 | 0.2616 | 9.1877 | 11.7533 | 0.2990 | 0.3655 | 5.1105
52 | 1.6081 | 0.2394 | 0.6852 | 0.2143 | 1.3029 | 1.6693 | 0.3147 | 0.3836 | 5.1285 | 3.4714 | 0.2301 | 0.7005 | 0.2628 | 9.1903 | 11.8795 | 0.2994 | 0.3684 | 5.1141
53 | 1.6082 | 0.2395 | 0.6855 | 0.2151 | 1.3035 | 1.6617 | 0.3144 | 0.3862 | 5.1225 | 3.4583 | 0.2306 | 0.7006 | 0.2647 | 9.0200 | 11.9008 | 0.2993 | 0.3704 | 5.1048
54 | 1.6093 | 0.2393 | 0.6858 | 0.2154 | 1.3027 | 1.6731 | 0.3141 | 0.3878 | 5.1181 | 3.4554 | 0.2292 | 0.7021 | 0.2648 | 9.2417 | 11.6571 | 0.2978 | 0.3730 | 5.0937
55 | 1.6109 | 0.2386 | 0.6858 | 0.2152 | 1.3023 | 1.6993 | 0.3141 | 0.3901 | 5.1159 | 3.4117 | 0.2301 | 0.7026 | 0.2660 | 8.8647 | 11.5850 | 0.2972 | 0.3731 | 5.0745
56 | 1.6143 | 0.2375 | 0.6862 | 0.2176 | 1.2998 | 1.7244 | 0.3137 | 0.3926 | 5.1083 | 3.3722 | 0.2275 | 0.7013 | 0.2660 | 8.8840 | 11.1945 | 0.2986 | 0.3781 | 5.0939
57 | 1.6173 | 0.2372 | 0.6866 | 0.2195 | 1.2987 | 1.7411 | 0.3133 | 0.3957 | 5.1010 | 3.3531 | 0.2288 | 0.7018 | 0.2673 | 8.6444 | 11.2236 | 0.2981 | 0.3794 | 5.0795
58 | 1.6186 | 0.2366 | 0.6869 | 0.2213 | 1.2971 | 1.7453 | 0.3130 | 0.3987 | 5.0957 | 3.3482 | 0.2270 | 0.7014 | 0.2684 | 8.7171 | 11.1089 | 0.2985 | 0.3849 | 5.0816
59 | 1.6188 | 0.2361 | 0.6872 | 0.2233 | 1.2950 | 1.7358 | 0.3127 | 0.4021 | 5.0898 | 3.3449 | 0.2270 | 0.7020 | 0.2711 | 8.6924 | 11.0724 | 0.2979 | 0.3856 | 5.0778
60 | 1.6208 | 0.2352 | 0.6876 | 0.2257 | 1.2926 | 1.7439 | 0.3123 | 0.4047 | 5.0832 | 3.3085 | 0.2250 | 0.7033 | 0.2732 | 8.5018 | 10.9020 | 0.2966 | 0.3895 | 5.0548
61 | 1.6220 | 0.2345 | 0.6876 | 0.2265 | 1.2909 | 1.7570 | 0.3123 | 0.4072 | 5.0826 | 3.3345 | 0.2249 | 0.7031 | 0.2734 | 8.7357 | 10.9185 | 0.2968 | 0.3922 | 5.0698
62 | 1.6243 | 0.2338 | 0.6877 | 0.2277 | 1.2895 | 1.7772 | 0.3122 | 0.4097 | 5.0807 | 3.2991 | 0.2239 | 0.7040 | 0.2749 | 8.4542 | 10.8488 | 0.2959 | 0.3942 | 5.0468
63 | 1.6250 | 0.2336 | 0.6879 | 0.2281 | 1.2881 | 1.7835 | 0.3121 | 0.4123 | 5.0794 | 3.2812 | 0.2239 | 0.7036 | 0.2756 | 8.2998 | 10.8217 | 0.2963 | 0.3960 | 5.0471
64 | 1.6267 | 0.2328 | 0.6881 | 0.2297 | 1.2871 | 1.7927 | 0.3118 | 0.4144 | 5.0759 | 3.2811 | 0.2230 | 0.7039 | 0.2774 | 8.3026 | 10.8028 | 0.2960 | 0.3981 | 5.0504
65 | 1.6302 | 0.2322 | 0.6883 | 0.2309 | 1.2848 | 1.8254 | 0.3117 | 0.4165 | 5.0742 | 3.2892 | 0.2224 | 0.7034 | 0.2797 | 8.2951 | 10.8712 | 0.2965 | 0.3995 | 5.0618
66 | 1.6350 | 0.2316 | 0.6887 | 0.2330 | 1.2842 | 1.8593 | 0.3112 | 0.4182 | 5.0686 | 3.2775 | 0.2218 | 0.7047 | 0.2824 | 8.2319 | 10.8013 | 0.2952 | 0.4021 | 5.0392
67 | 1.6395 | 0.2309 | 0.6890 | 0.2349 | 1.2830 | 1.8930 | 0.3109 | 0.4198 | 5.0645 | 3.2879 | 0.2204 | 0.7046 | 0.2835 | 8.3844 | 10.7547 | 0.2953 | 0.4030 | 5.0416
68 | 1.6411 | 0.2301 | 0.6892 | 0.2367 | 1.2819 | 1.9008 | 0.3107 | 0.4217 | 5.0616 | 3.2788 | 0.2208 | 0.7038 | 0.2855 | 8.2691 | 10.7623 | 0.2960 | 0.4042 | 5.0440
69 | 1.6448 | 0.2290 | 0.6894 | 0.2388 | 1.2795 | 1.9304 | 0.3105 | 0.4235 | 5.0589 | 3.3070 | 0.2189 | 0.7049 | 0.2875 | 8.4836 | 10.8226 | 0.2950 | 0.4056 | 5.0397
70 | 1.6491 | 0.2286 | 0.6896 | 0.2404 | 1.2791 | 1.9622 | 0.3103 | 0.4251 | 5.0567 | 3.2932 | 0.2185 | 0.7039 | 0.2888 | 8.3283 | 10.8304 | 0.2960 | 0.4073 | 5.0505
71 | 1.6518 | 0.2277 | 0.6898 | 0.2421 | 1.2777 | 1.9818 | 0.3101 | 0.4265 | 5.0550 | 3.3109 | 0.2176 | 0.7051 | 0.2903 | 8.5342 | 10.7954 | 0.2948 | 0.4097 | 5.0369
72 | 1.6555 | 0.2270 | 0.6900 | 0.2441 | 1.2761 | 2.0068 | 0.3099 | 0.4274 | 5.0521 | 3.2955 | 0.2176 | 0.7048 | 0.2917 | 8.2862 | 10.8852 | 0.2951 | 0.4102 | 5.0284
73 | 1.6600 | 0.2261 | 0.6902 | 0.2466 | 1.2754 | 2.0377 | 0.3097 | 0.4278 | 5.0497 | 3.2792 | 0.2174 | 0.7064 | 0.2944 | 8.1834 | 10.8029 | 0.2935 | 0.4099 | 5.0018
74 | 1.6637 | 0.2251 | 0.6904 | 0.2488 | 1.2737 | 2.0634 | 0.3095 | 0.4276 | 5.0463 | 3.2895 | 0.2160 | 0.7055 | 0.2961 | 8.3104 | 10.7670 | 0.2944 | 0.4087 | 5.0266
75 | 1.6668 | 0.2240 | 0.6906 | 0.2513 | 1.2723 | 2.0832 | 0.3093 | 0.4273 | 5.0430 | 3.3062 | 0.2143 | 0.7067 | 0.2983 | 8.3943 | 10.8462 | 0.2932 | 0.4097 | 5.0088
76 | 1.6695 | 0.2224 | 0.6907 | 0.2540 | 1.2712 | 2.1005 | 0.3093 | 0.4269 | 5.0412 | 3.3045 | 0.2136 | 0.7068 | 0.3006 | 8.3318 | 10.8724 | 0.2931 | 0.4083 | 5.0105
77 | 1.6716 | 0.2213 | 0.6906 | 0.2555 | 1.2694 | 2.1196 | 0.3093 | 0.4268 | 5.0408 | 3.3143 | 0.2119 | 0.7058 | 0.3017 | 8.4514 | 10.8592 | 0.2941 | 0.4083 | 5.0216
78 | 1.6743 | 0.2202 | 0.6907 | 0.2575 | 1.2679 | 2.1411 | 0.3092 | 0.4265 | 5.0391 | 3.2896 | 0.2117 | 0.7060 | 0.3022 | 8.2828 | 10.7853 | 0.2939 | 0.4097 | 5.0084
79 | 1.6777 | 0.2192 | 0.6908 | 0.2594 | 1.2668 | 2.1676 | 0.3091 | 0.4261 | 5.0378 | 3.2974 | 0.2105 | 0.7060 | 0.3046 | 8.3561 | 10.7769 | 0.2939 | 0.4085 | 5.0118
80 | 1.6803 | 0.2179 | 0.6910 | 0.2621 | 1.2652 | 2.1824 | 0.3089 | 0.4255 | 5.0343 | 3.3035 | 0.2094 | 0.7054 | 0.3068 | 8.3475 | 10.8356 | 0.2945 | 0.4079 | 5.0187
81 | 1.6843 | 0.2169 | 0.6912 | 0.2644 | 1.2633 | 2.2115 | 0.3087 | 0.4247 | 5.0313 | 3.3206 | 0.2083 | 0.7063 | 0.3098 | 8.4166 | 10.9179 | 0.2936 | 0.4071 | 5.0092
82 | 1.6870 | 0.2158 | 0.6914 | 0.2670 | 1.2621 | 2.2251 | 0.3085 | 0.4239 | 5.0285 | 3.3267 | 0.2067 | 0.7064 | 0.3128 | 8.4368 | 10.9449 | 0.2935 | 0.4061 | 5.0075
83 | 1.6915 | 0.2146 | 0.6916 | 0.2702 | 1.2603 | 2.2523 | 0.3083 | 0.4227 | 5.0255 | 3.3442 | 0.2059 | 0.7063 | 0.3160 | 8.5048 | 11.0296 | 0.2936 | 0.4051 | 5.0095
84 | 1.6954 | 0.2138 | 0.6918 | 0.2725 | 1.2594 | 2.2758 | 0.3081 | 0.4213 | 5.0238 | 3.3596 | 0.2043 | 0.7067 | 0.3188 | 8.5517 | 11.1164 | 0.2932 | 0.4037 | 5.0144
85 | 1.7007 | 0.2124 | 0.6922 | 0.2769 | 1.2573 | 2.3033 | 0.3077 | 0.4197 | 5.0186 | 3.3699 | 0.2038 | 0.7070 | 0.3226 | 8.5137 | 11.2293 | 0.2928 | 0.4025 | 5.0061
86 | 1.7047 | 0.2112 | 0.6926 | 0.2807 | 1.2553 | 2.3194 | 0.3074 | 0.4177 | 5.0137 | 3.3908 | 0.2024 | 0.7077 | 0.3264 | 8.5974 | 11.3287 | 0.2922 | 0.3996 | 4.9996
87 | 1.7112 | 0.2098 | 0.6930 | 0.2852 | 1.2533 | 2.3553 | 0.3069 | 0.4154 | 5.0083 | 3.4073 | 0.2023 | 0.7092 | 0.3300 | 8.6369 | 11.4205 | 0.2907 | 0.3974 | 4.9773
88 | 1.7167 | 0.2086 | 0.6934 | 0.2895 | 1.2512 | 2.3834 | 0.3066 | 0.4131 | 5.0028 | 3.4207 | 0.2000 | 0.7091 | 0.3342 | 8.6907 | 11.4761 | 0.2908 | 0.3962 | 4.9861
89 | 1.7237 | 0.2072 | 0.6939 | 0.2945 | 1.2492 | 2.4198 | 0.3060 | 0.4106 | 4.9951 | 3.4340 | 0.1987 | 0.7086 | 0.3386 | 8.7430 | 11.5283 | 0.2912 | 0.3939 | 4.9920
90 | 1.7312 | 0.2059 | 0.6945 | 0.2996 | 1.2468 | 2.4608 | 0.3054 | 0.4082 | 4.9868 | 3.4429 | 0.1974 | 0.7095 | 0.3440 | 8.7083 | 11.6117 | 0.2904 | 0.3910 | 4.9787
91 | 1.7393 | 0.2046 | 0.6951 | 0.3051 | 1.2444 | 2.5030 | 0.3048 | 0.4057 | 4.9774 | 3.4672 | 0.1963 | 0.7113 | 0.3500 | 8.7749 | 11.7408 | 0.2886 | 0.3880 | 4.9545
92 | 1.7485 | 0.2031 | 0.6959 | 0.3112 | 1.2426 | 2.5523 | 0.3040 | 0.4032 | 4.9653 | 3.4853 | 0.1947 | 0.7117 | 0.3556 | 8.8061 | 11.8476 | 0.2882 | 0.3857 | 4.9523
93 | 1.7583 | 0.2018 | 0.6967 | 0.3168 | 1.2393 | 2.6124 | 0.3032 | 0.4007 | 4.9534 | 3.5133 | 0.1934 | 0.7130 | 0.3616 | 8.9041 | 11.9845 | 0.2869 | 0.3836 | 4.9332
94 | 1.7708 | 0.2003 | 0.6976 | 0.3234 | 1.2375 | 2.6899 | 0.3023 | 0.3983 | 4.9396 | 3.5224 | 0.1920 | 0.7136 | 0.3683 | 8.8796 | 12.0523 | 0.2863 | 0.3814 | 4.9205
95 | 1.7834 | 0.1990 | 0.6986 | 0.3298 | 1.2355 | 2.7702 | 0.3013 | 0.3959 | 4.9241 | 3.5400 | 0.1908 | 0.7145 | 0.3747 | 8.8613 | 12.1948 | 0.2854 | 0.3789 | 4.9087
96 | 1.7983 | 0.1978 | 0.6995 | 0.3360 | 1.2329 | 2.8728 | 0.3004 | 0.3938 | 4.9092 | 3.5590 | 0.1898 | 0.7157 | 0.3812 | 8.8693 | 12.3216 | 0.2842 | 0.3765 | 4.8919
97 | 1.8127 | 0.1967 | 0.7005 | 0.3420 | 1.2308 | 2.9719 | 0.2994 | 0.3920 | 4.8936 | 3.5692 | 0.1890 | 0.7167 | 0.3871 | 8.8378 | 12.4064 | 0.2832 | 0.3751 | 4.8758
98 | 1.8257 | 0.1957 | 0.7014 | 0.3475 | 1.2288 | 3.0608 | 0.2985 | 0.3906 | 4.8789 | 3.5779 | 0.1882 | 0.7178 | 0.3923 | 8.8141 | 12.4759 | 0.2820 | 0.3737 | 4.8576
99 | 1.8365 | 0.1951 | 0.7022 | 0.3516 | 1.2278 | 3.1364 | 0.2977 | 0.3897 | 4.8671 | 3.5857 | 0.1878 | 0.7182 | 0.3958 | 8.8073 | 12.5289 | 0.2817 | 0.3729 | 4.8534
100 | 1.8431 | 0.1947 | 0.7026 | 0.3541 | 1.2274 | 3.1822 | 0.2973 | 0.3892 | 4.8608 | 3.5864 | 0.1876 | 0.7183 | 0.3971 | 8.7950 | 12.5378 | 0.2816 | 0.3729 | 4.8501
epoch | loss | sim_loss | var_pred | var_target | cov_pred | cov_target | feat_std | feat_std_ctx | feat_norm | val_loss | val_sim_loss | val_var_pred | val_var_target | val_cov_pred | val_cov_target | val_feat_std | val_feat_std_ctx | val_feat_norm
1 | 4.1547 | 0.3709 | 0.7470 | 0.1952 | 1.3686 | 25.9772 | 0.2528 | 0.8606 | 4.2565 | 11.5904 | 0.3206 | 0.8515 | 0.2950 | 40.0240 | 60.7893 | 0.1482 | 0.7389 | 3.0378
2 | 2.3848 | 0.3533 | 0.7213 | 0.0892 | 1.2524 | 9.7053 | 0.2785 | 0.9257 | 4.5293 | 8.5813 | 0.3065 | 0.8232 | 0.2334 | 30.5905 | 40.9942 | 0.1766 | 0.7640 | 3.4369
3 | 1.8608 | 0.3319 | 0.7106 | 0.0865 | 1.2768 | 4.6603 | 0.2893 | 0.8817 | 4.7077 | 4.6736 | 0.2845 | 0.7635 | 0.1660 | 14.5186 | 19.0648 | 0.2363 | 0.7922 | 4.1670
4 | 1.6693 | 0.3024 | 0.6941 | 0.0818 | 1.2969 | 3.0435 | 0.3058 | 0.8323 | 4.9570 | 4.3340 | 0.2675 | 0.7246 | 0.1413 | 12.5416 | 18.0855 | 0.2753 | 0.7568 | 4.7017
5 | 1.5866 | 0.2850 | 0.6834 | 0.0709 | 1.3090 | 2.4681 | 0.3166 | 0.7658 | 5.1134 | 4.2420 | 0.2583 | 0.7025 | 0.1267 | 11.7303 | 18.1823 | 0.2974 | 0.6890 | 5.0352
6 | 1.5430 | 0.2760 | 0.6772 | 0.0639 | 1.3113 | 2.1792 | 0.3227 | 0.6855 | 5.2023 | 4.1332 | 0.2534 | 0.6922 | 0.1177 | 11.5131 | 17.4301 | 0.3077 | 0.6123 | 5.1866
7 | 1.5123 | 0.2721 | 0.6733 | 0.0576 | 1.3072 | 1.9680 | 0.3266 | 0.6025 | 5.2580 | 3.9751 | 0.2501 | 0.6856 | 0.1049 | 11.2868 | 16.2316 | 0.3143 | 0.5394 | 5.2694
8 | 1.4863 | 0.2704 | 0.6708 | 0.0485 | 1.3022 | 1.8138 | 0.3292 | 0.5264 | 5.2958 | 3.8558 | 0.2462 | 0.6820 | 0.0965 | 10.8631 | 15.5847 | 0.3179 | 0.4752 | 5.3108
9 | 1.4677 | 0.2691 | 0.6693 | 0.0427 | 1.3023 | 1.6947 | 0.3307 | 0.4652 | 5.3194 | 3.8048 | 0.2458 | 0.6806 | 0.0910 | 10.9950 | 15.0070 | 0.3194 | 0.4230 | 5.3219
10 | 1.4556 | 0.2690 | 0.6689 | 0.0397 | 1.3072 | 1.5973 | 0.3310 | 0.4175 | 5.3251 | 3.7201 | 0.2452 | 0.6788 | 0.0863 | 10.9189 | 14.2908 | 0.3211 | 0.3868 | 5.3376
11 | 1.4449 | 0.2688 | 0.6686 | 0.0386 | 1.3062 | 1.5036 | 0.3313 | 0.3868 | 5.3280 | 3.6014 | 0.2427 | 0.6780 | 0.0825 | 10.7777 | 13.3159 | 0.3219 | 0.3653 | 5.3384
12 | 1.4384 | 0.2684 | 0.6688 | 0.0383 | 1.3069 | 1.4448 | 0.3312 | 0.3691 | 5.3255 | 3.5588 | 0.2423 | 0.6785 | 0.0828 | 10.7861 | 12.8891 | 0.3214 | 0.3544 | 5.3251
13 | 1.4332 | 0.2668 | 0.6686 | 0.0393 | 1.3092 | 1.3960 | 0.3313 | 0.3596 | 5.3297 | 3.4977 | 0.2406 | 0.6766 | 0.0826 | 10.6339 | 12.4493 | 0.3233 | 0.3499 | 5.3474
14 | 1.4265 | 0.2658 | 0.6683 | 0.0387 | 1.3057 | 1.3472 | 0.3317 | 0.3588 | 5.3357 | 3.4230 | 0.2394 | 0.6769 | 0.0793 | 10.3977 | 11.9896 | 0.3230 | 0.3524 | 5.3372
15 | 1.4215 | 0.2655 | 0.6684 | 0.0383 | 1.3022 | 1.3099 | 0.3316 | 0.3616 | 5.3314 | 3.2577 | 0.2388 | 0.6755 | 0.0760 | 9.8092 | 10.9770 | 0.3244 | 0.3564 | 5.3390
16 | 1.4167 | 0.2651 | 0.6683 | 0.0377 | 1.2992 | 1.2785 | 0.3316 | 0.3664 | 5.3283 | 3.1129 | 0.2362 | 0.6746 | 0.0723 | 9.2470 | 10.1621 | 0.3253 | 0.3621 | 5.3411
17 | 1.4138 | 0.2650 | 0.6685 | 0.0370 | 1.2945 | 1.2644 | 0.3314 | 0.3710 | 5.3240 | 3.0041 | 0.2368 | 0.6743 | 0.0713 | 8.6291 | 9.7018 | 0.3256 | 0.3667 | 5.3378
18 | 1.4133 | 0.2653 | 0.6689 | 0.0385 | 1.2911 | 1.2463 | 0.3310 | 0.3760 | 5.3185 | 3.0320 | 0.2360 | 0.6752 | 0.0740 | 8.8561 | 9.7281 | 0.3247 | 0.3720 | 5.3350
19 | 1.4138 | 0.2657 | 0.6692 | 0.0392 | 1.2885 | 1.2422 | 0.3307 | 0.3804 | 5.3145 | 2.9460 | 0.2366 | 0.6744 | 0.0725 | 8.4265 | 9.3124 | 0.3255 | 0.3762 | 5.3389
20 | 1.4125 | 0.2661 | 0.6693 | 0.0388 | 1.2826 | 1.2359 | 0.3306 | 0.3853 | 5.3117 | 2.8984 | 0.2372 | 0.6755 | 0.0726 | 8.2726 | 8.9853 | 0.3245 | 0.3806 | 5.3239
21 | 1.4129 | 0.2658 | 0.6695 | 0.0404 | 1.2797 | 1.2298 | 0.3305 | 0.3896 | 5.3111 | 2.8786 | 0.2386 | 0.6752 | 0.0732 | 8.0869 | 8.9515 | 0.3247 | 0.3839 | 5.3277
22 | 1.4128 | 0.2652 | 0.6694 | 0.0417 | 1.2752 | 1.2234 | 0.3306 | 0.3931 | 5.3150 | 2.8472 | 0.2358 | 0.6755 | 0.0746 | 8.0296 | 8.7052 | 0.3245 | 0.3881 | 5.3284
23 | 1.4148 | 0.2650 | 0.6695 | 0.0439 | 1.2743 | 1.2233 | 0.3305 | 0.3953 | 5.3153 | 2.8283 | 0.2371 | 0.6759 | 0.0754 | 7.9371 | 8.5875 | 0.3240 | 0.3891 | 5.3240
24 | 1.4182 | 0.2654 | 0.6701 | 0.0473 | 1.2707 | 1.2235 | 0.3299 | 0.3957 | 5.3076 | 2.8256 | 0.2373 | 0.6763 | 0.0787 | 7.9595 | 8.5065 | 0.3236 | 0.3904 | 5.3159
25 | 1.4247 | 0.2650 | 0.6709 | 0.0535 | 1.2727 | 1.2307 | 0.3291 | 0.3962 | 5.2965 | 2.8375 | 0.2375 | 0.6771 | 0.0842 | 7.8742 | 8.6600 | 0.3228 | 0.3897 | 5.3002
26 | 1.4316 | 0.2637 | 0.6717 | 0.0607 | 1.2768 | 1.2383 | 0.3282 | 0.3945 | 5.2839 | 2.8509 | 0.2357 | 0.6780 | 0.0926 | 7.9714 | 8.6278 | 0.3219 | 0.3874 | 5.2939
27 | 1.4382 | 0.2615 | 0.6725 | 0.0692 | 1.2787 | 1.2436 | 0.3275 | 0.3948 | 5.2721 | 2.8749 | 0.2333 | 0.6779 | 0.0993 | 8.0005 | 8.7981 | 0.3220 | 0.3882 | 5.2919
28 | 1.4446 | 0.2587 | 0.6729 | 0.0776 | 1.2805 | 1.2519 | 0.3270 | 0.3943 | 5.2644 | 2.8940 | 0.2303 | 0.6792 | 0.1070 | 8.1264 | 8.8143 | 0.3208 | 0.3862 | 5.2804
29 | 1.4493 | 0.2570 | 0.6736 | 0.0843 | 1.2784 | 1.2526 | 0.3263 | 0.3944 | 5.2531 | 2.8987 | 0.2293 | 0.6794 | 0.1100 | 8.2040 | 8.7621 | 0.3206 | 0.3873 | 5.2779
30 | 1.4522 | 0.2558 | 0.6740 | 0.0881 | 1.2771 | 1.2592 | 0.3260 | 0.3958 | 5.2473 | 2.8775 | 0.2285 | 0.6803 | 0.1148 | 7.9976 | 8.7193 | 0.3196 | 0.3890 | 5.2643
31 | 1.4550 | 0.2545 | 0.6742 | 0.0918 | 1.2766 | 1.2638 | 0.3258 | 0.3974 | 5.2452 | 2.8701 | 0.2276 | 0.6801 | 0.1184 | 7.9548 | 8.6626 | 0.3198 | 0.3901 | 5.2663
32 | 1.4584 | 0.2538 | 0.6745 | 0.0955 | 1.2763 | 1.2683 | 0.3254 | 0.3993 | 5.2399 | 2.8589 | 0.2278 | 0.6805 | 0.1207 | 7.8454 | 8.6342 | 0.3194 | 0.3932 | 5.2616
33 | 1.4607 | 0.2527 | 0.6747 | 0.0990 | 1.2753 | 1.2700 | 0.3252 | 0.4018 | 5.2373 | 2.8767 | 0.2258 | 0.6805 | 0.1231 | 7.9643 | 8.6884 | 0.3194 | 0.3947 | 5.2630
34 | 1.4624 | 0.2520 | 0.6750 | 0.1022 | 1.2715 | 1.2652 | 0.3249 | 0.4034 | 5.2331 | 2.8544 | 0.2245 | 0.6811 | 0.1259 | 7.9312 | 8.4863 | 0.3188 | 0.3972 | 5.2528
35 | 1.4641 | 0.2515 | 0.6753 | 0.1052 | 1.2696 | 1.2595 | 0.3246 | 0.4059 | 5.2293 | 2.8458 | 0.2250 | 0.6808 | 0.1267 | 7.8592 | 8.4614 | 0.3191 | 0.3988 | 5.2543
36 | 1.4648 | 0.2512 | 0.6752 | 0.1059 | 1.2701 | 1.2606 | 0.3247 | 0.4076 | 5.2313 | 2.8393 | 0.2252 | 0.6815 | 0.1295 | 7.7191 | 8.5089 | 0.3185 | 0.4002 | 5.2438
37 | 1.4680 | 0.2507 | 0.6754 | 0.1090 | 1.2720 | 1.2653 | 0.3245 | 0.4085 | 5.2284 | 2.8579 | 0.2251 | 0.6814 | 0.1307 | 7.8790 | 8.5225 | 0.3185 | 0.4013 | 5.2470
38 | 1.4697 | 0.2500 | 0.6756 | 0.1118 | 1.2713 | 1.2627 | 0.3243 | 0.4099 | 5.2260 | 2.8282 | 0.2249 | 0.6815 | 0.1328 | 7.6852 | 8.4020 | 0.3184 | 0.4033 | 5.2427
39 | 1.4722 | 0.2491 | 0.6759 | 0.1150 | 1.2708 | 1.2665 | 0.3241 | 0.4116 | 5.2226 | 2.8567 | 0.2241 | 0.6819 | 0.1375 | 7.7683 | 8.5654 | 0.3180 | 0.4039 | 5.2376
40 | 1.4752 | 0.2480 | 0.6762 | 0.1192 | 1.2713 | 1.2662 | 0.3237 | 0.4126 | 5.2171 | 2.9041 | 0.2222 | 0.6829 | 0.1397 | 8.0983 | 8.7036 | 0.3170 | 0.4043 | 5.2288
41 | 1.4768 | 0.2477 | 0.6763 | 0.1208 | 1.2711 | 1.2687 | 0.3236 | 0.4132 | 5.2166 | 2.8662 | 0.2224 | 0.6825 | 0.1408 | 7.8498 | 8.5584 | 0.3174 | 0.4059 | 5.2361
42 | 1.4790 | 0.2475 | 0.6765 | 0.1226 | 1.2716 | 1.2740 | 0.3234 | 0.4141 | 5.2135 | 2.8832 | 0.2217 | 0.6826 | 0.1432 | 7.9225 | 8.6382 | 0.3173 | 0.4062 | 5.2361
43 | 1.4815 | 0.2472 | 0.6767 | 0.1248 | 1.2721 | 1.2788 | 0.3233 | 0.4147 | 5.2121 | 2.8991 | 0.2216 | 0.6832 | 0.1468 | 7.9916 | 8.6954 | 0.3167 | 0.4063 | 5.2257
44 | 1.4848 | 0.2465 | 0.6771 | 0.1285 | 1.2749 | 1.2806 | 0.3229 | 0.4155 | 5.2064 | 2.9237 | 0.2212 | 0.6842 | 0.1506 | 8.0966 | 8.8036 | 0.3157 | 0.4077 | 5.2126
45 | 1.4908 | 0.2468 | 0.6782 | 0.1344 | 1.2687 | 1.2869 | 0.3217 | 0.4172 | 5.1894 | 2.7907 | 0.2207 | 0.6850 | 0.1593 | 7.3918 | 8.1011 | 0.3149 | 0.4089 | 5.1961
46 | 1.5011 | 0.2456 | 0.6788 | 0.1440 | 1.2617 | 1.3125 | 0.3212 | 0.4173 | 5.1844 | 2.8928 | 0.2205 | 0.6843 | 0.1611 | 7.8423 | 8.6478 | 0.3156 | 0.4081 | 5.2144
47 | 1.5004 | 0.2455 | 0.6779 | 0.1430 | 1.2652 | 1.3081 | 0.3220 | 0.4163 | 5.1992 | 2.8786 | 0.2206 | 0.6836 | 0.1621 | 7.7624 | 8.5777 | 0.3163 | 0.4080 | 5.2204
48 | 1.5026 | 0.2463 | 0.6784 | 0.1460 | 1.2593 | 1.2997 | 0.3215 | 0.4155 | 5.1921 | 2.8917 | 0.2215 | 0.6848 | 0.1654 | 7.8284 | 8.5989 | 0.3151 | 0.4064 | 5.2067
49 | 1.5063 | 0.2462 | 0.6784 | 0.1480 | 1.2617 | 1.3143 | 0.3215 | 0.4151 | 5.1943 | 2.9622 | 0.2222 | 0.6843 | 0.1660 | 8.1408 | 8.9752 | 0.3156 | 0.4069 | 5.2179
50 | 1.5075 | 0.2470 | 0.6779 | 0.1456 | 1.2645 | 1.3349 | 0.3220 | 0.4162 | 5.2046 | 2.9773 | 0.2239 | 0.6835 | 0.1608 | 8.1819 | 9.1141 | 0.3164 | 0.4085 | 5.2339
51 | 1.5049 | 0.2486 | 0.6774 | 0.1414 | 1.2628 | 1.3345 | 0.3225 | 0.4176 | 5.2129 | 2.9675 | 0.2291 | 0.6832 | 0.1572 | 8.0761 | 9.1060 | 0.3167 | 0.4098 | 5.2363
52 | 1.5011 | 0.2502 | 0.6769 | 0.1364 | 1.2596 | 1.3314 | 0.3230 | 0.4185 | 5.2218 | 2.9538 | 0.2265 | 0.6828 | 0.1519 | 8.1896 | 8.9297 | 0.3171 | 0.4108 | 5.2490
53 | 1.4973 | 0.2512 | 0.6765 | 0.1328 | 1.2540 | 1.3236 | 0.3234 | 0.4201 | 5.2287 | 2.9078 | 0.2272 | 0.6825 | 0.1500 | 8.0359 | 8.6369 | 0.3174 | 0.4116 | 5.2499
54 | 1.4959 | 0.2515 | 0.6764 | 0.1320 | 1.2498 | 1.3170 | 0.3235 | 0.4212 | 5.2308 | 2.9069 | 0.2269 | 0.6826 | 0.1485 | 7.9701 | 8.7110 | 0.3173 | 0.4127 | 5.2498
55 | 1.4924 | 0.2516 | 0.6757 | 0.1294 | 1.2495 | 1.3067 | 0.3242 | 0.4231 | 5.2410 | 2.9276 | 0.2271 | 0.6812 | 0.1438 | 8.1450 | 8.7875 | 0.3187 | 0.4158 | 5.2659
56 | 1.4860 | 0.2519 | 0.6748 | 0.1235 | 1.2498 | 1.2957 | 0.3251 | 0.4262 | 5.2542 | 2.9382 | 0.2272 | 0.6803 | 0.1396 | 8.2235 | 8.8491 | 0.3196 | 0.4192 | 5.2842
57 | 1.4817 | 0.2513 | 0.6741 | 0.1197 | 1.2492 | 1.2954 | 0.3259 | 0.4298 | 5.2645 | 2.9458 | 0.2260 | 0.6797 | 0.1379 | 8.2533 | 8.9226 | 0.3202 | 0.4230 | 5.2928
58 | 1.4792 | 0.2504 | 0.6736 | 0.1172 | 1.2484 | 1.3041 | 0.3264 | 0.4333 | 5.2710 | 2.9563 | 0.2256 | 0.6802 | 0.1355 | 8.3347 | 8.9723 | 0.3197 | 0.4255 | 5.2895
59 | 1.4773 | 0.2497 | 0.6732 | 0.1156 | 1.2456 | 1.3102 | 0.3267 | 0.4367 | 5.2753 | 2.9279 | 0.2250 | 0.6793 | 0.1342 | 8.1964 | 8.8472 | 0.3206 | 0.4296 | 5.2978
60 | 1.4746 | 0.2487 | 0.6727 | 0.1146 | 1.2428 | 1.3040 | 0.3272 | 0.4403 | 5.2831 | 2.9188 | 0.2239 | 0.6785 | 0.1326 | 8.1612 | 8.8198 | 0.3214 | 0.4327 | 5.3051
61 | 1.4722 | 0.2479 | 0.6721 | 0.1137 | 1.2395 | 1.2991 | 0.3278 | 0.4436 | 5.2913 | 2.9064 | 0.2223 | 0.6781 | 0.1334 | 8.0691 | 8.7954 | 0.3218 | 0.4361 | 5.3093
62 | 1.4708 | 0.2466 | 0.6717 | 0.1147 | 1.2351 | 1.2924 | 0.3282 | 0.4469 | 5.2976 | 2.8566 | 0.2215 | 0.6776 | 0.1339 | 7.7984 | 8.5697 | 0.3223 | 0.4392 | 5.3171
63 | 1.4696 | 0.2456 | 0.6714 | 0.1153 | 1.2305 | 1.2872 | 0.3285 | 0.4500 | 5.3021 | 2.8280 | 0.2203 | 0.6769 | 0.1338 | 7.6643 | 8.4327 | 0.3230 | 0.4417 | 5.3235
64 | 1.4688 | 0.2447 | 0.6711 | 0.1162 | 1.2268 | 1.2834 | 0.3288 | 0.4528 | 5.3058 | 2.8229 | 0.2191 | 0.6761 | 0.1352 | 7.6706 | 8.3691 | 0.3239 | 0.4448 | 5.3374
65 | 1.4683 | 0.2437 | 0.6710 | 0.1173 | 1.2241 | 1.2796 | 0.3290 | 0.4557 | 5.3079 | 2.8251 | 0.2189 | 0.6757 | 0.1356 | 7.6879 | 8.3748 | 0.3242 | 0.4474 | 5.3382
66 | 1.4678 | 0.2432 | 0.6708 | 0.1175 | 1.2227 | 1.2788 | 0.3291 | 0.4580 | 5.3099 | 2.8125 | 0.2181 | 0.6759 | 0.1357 | 7.5468 | 8.3953 | 0.3241 | 0.4497 | 5.3383
67 | 1.4678 | 0.2428 | 0.6707 | 0.1180 | 1.2217 | 1.2790 | 0.3292 | 0.4598 | 5.3107 | 2.8192 | 0.2180 | 0.6761 | 0.1371 | 7.5816 | 8.4164 | 0.3238 | 0.4509 | 5.3325
68 | 1.4687 | 0.2421 | 0.6708 | 0.1197 | 1.2207 | 1.2770 | 0.3291 | 0.4614 | 5.3097 | 2.8232 | 0.2169 | 0.6765 | 0.1389 | 7.5933 | 8.4339 | 0.3234 | 0.4531 | 5.3328
69 | 1.4689 | 0.2417 | 0.6709 | 0.1210 | 1.2190 | 1.2734 | 0.3290 | 0.4628 | 5.3084 | 2.8227 | 0.2165 | 0.6764 | 0.1401 | 7.5894 | 8.4287 | 0.3236 | 0.4536 | 5.3295
70 | 1.4701 | 0.2410 | 0.6711 | 0.1231 | 1.2193 | 1.2718 | 0.3288 | 0.4634 | 5.3055 | 2.8158 | 0.2159 | 0.6768 | 0.1424 | 7.5504 | 8.3793 | 0.3231 | 0.4544 | 5.3272
71 | 1.4715 | 0.2402 | 0.6713 | 0.1255 | 1.2181 | 1.2708 | 0.3286 | 0.4639 | 5.3020 | 2.8131 | 0.2154 | 0.6772 | 0.1455 | 7.5043 | 8.3764 | 0.3227 | 0.4541 | 5.3187
72 | 1.4724 | 0.2397 | 0.6716 | 0.1275 | 1.2173 | 1.2673 | 0.3284 | 0.4647 | 5.2986 | 2.8114 | 0.2147 | 0.6777 | 0.1481 | 7.4622 | 8.3828 | 0.3222 | 0.4546 | 5.3120
73 | 1.4743 | 0.2390 | 0.6719 | 0.1303 | 1.2168 | 1.2657 | 0.3280 | 0.4651 | 5.2936 | 2.8145 | 0.2140 | 0.6774 | 0.1497 | 7.4949 | 8.3709 | 0.3226 | 0.4553 | 5.3186
74 | 1.4761 | 0.2385 | 0.6722 | 0.1328 | 1.2158 | 1.2656 | 0.3277 | 0.4651 | 5.2888 | 2.8141 | 0.2138 | 0.6777 | 0.1522 | 7.4700 | 8.3702 | 0.3222 | 0.4559 | 5.3127
75 | 1.4784 | 0.2378 | 0.6726 | 0.1359 | 1.2150 | 1.2662 | 0.3273 | 0.4653 | 5.2831 | 2.8206 | 0.2131 | 0.6777 | 0.1555 | 7.4825 | 8.3961 | 0.3222 | 0.4553 | 5.3134
76 | 1.4810 | 0.2373 | 0.6731 | 0.1388 | 1.2146 | 1.2700 | 0.3269 | 0.4653 | 5.2769 | 2.8247 | 0.2128 | 0.6789 | 0.1591 | 7.4713 | 8.4177 | 0.3210 | 0.4556 | 5.2969
77 | 1.4845 | 0.2365 | 0.6736 | 0.1428 | 1.2128 | 1.2761 | 0.3264 | 0.4649 | 5.2693 | 2.8336 | 0.2122 | 0.6794 | 0.1624 | 7.5049 | 8.4475 | 0.3206 | 0.4555 | 5.2906
78 | 1.4881 | 0.2358 | 0.6741 | 0.1464 | 1.2117 | 1.2850 | 0.3259 | 0.4643 | 5.2623 | 2.8429 | 0.2121 | 0.6794 | 0.1659 | 7.5272 | 8.4821 | 0.3205 | 0.4547 | 5.2918
79 | 1.4924 | 0.2350 | 0.6746 | 0.1508 | 1.2105 | 1.2953 | 0.3253 | 0.4635 | 5.2542 | 2.8524 | 0.2110 | 0.6806 | 0.1704 | 7.5704 | 8.5033 | 0.3193 | 0.4544 | 5.2736
80 | 1.4966 | 0.2343 | 0.6751 | 0.1546 | 1.2102 | 1.3077 | 0.3248 | 0.4625 | 5.2464 | 2.8459 | 0.2119 | 0.6809 | 0.1734 | 7.4518 | 8.5178 | 0.3190 | 0.4523 | 5.2701
81 | 1.5011 | 0.2335 | 0.6756 | 0.1586 | 1.2085 | 1.3229 | 0.3243 | 0.4613 | 5.2391 | 2.8553 | 0.2102 | 0.6816 | 0.1773 | 7.5108 | 8.5321 | 0.3184 | 0.4508 | 5.2615
82 | 1.5064 | 0.2328 | 0.6761 | 0.1625 | 1.2087 | 1.3458 | 0.3238 | 0.4600 | 5.2317 | 2.8619 | 0.2092 | 0.6817 | 0.1817 | 7.5261 | 8.5471 | 0.3182 | 0.4499 | 5.2612
83 | 1.5121 | 0.2320 | 0.6767 | 0.1668 | 1.2075 | 1.3693 | 0.3232 | 0.4584 | 5.2229 | 2.8653 | 0.2087 | 0.6826 | 0.1853 | 7.5099 | 8.5684 | 0.3173 | 0.4489 | 5.2470
84 | 1.5183 | 0.2311 | 0.6773 | 0.1714 | 1.2056 | 1.3975 | 0.3226 | 0.4568 | 5.2141 | 2.8716 | 0.2078 | 0.6830 | 0.1904 | 7.4937 | 8.6072 | 0.3169 | 0.4467 | 5.2407
85 | 1.5261 | 0.2301 | 0.6780 | 0.1768 | 1.2052 | 1.4331 | 0.3219 | 0.4549 | 5.2032 | 2.8797 | 0.2072 | 0.6843 | 0.1952 | 7.5128 | 8.6263 | 0.3156 | 0.4448 | 5.2255
86 | 1.5334 | 0.2292 | 0.6787 | 0.1818 | 1.2041 | 1.4686 | 0.3213 | 0.4528 | 5.1940 | 2.8824 | 0.2068 | 0.6847 | 0.1994 | 7.4914 | 8.6370 | 0.3152 | 0.4431 | 5.2211
87 | 1.5407 | 0.2284 | 0.6793 | 0.1867 | 1.2031 | 1.5031 | 0.3206 | 0.4504 | 5.1844 | 2.8884 | 0.2058 | 0.6848 | 0.2039 | 7.4952 | 8.6600 | 0.3151 | 0.4404 | 5.2177
88 | 1.5489 | 0.2276 | 0.6800 | 0.1920 | 1.2012 | 1.5430 | 0.3199 | 0.4479 | 5.1742 | 2.8915 | 0.2053 | 0.6858 | 0.2084 | 7.4448 | 8.7027 | 0.3141 | 0.4381 | 5.2044
89 | 1.5587 | 0.2266 | 0.6808 | 0.1980 | 1.2006 | 1.5940 | 0.3191 | 0.4453 | 5.1623 | 2.8954 | 0.2044 | 0.6866 | 0.2139 | 7.4124 | 8.7286 | 0.3133 | 0.4350 | 5.1933
90 | 1.5687 | 0.2256 | 0.6816 | 0.2037 | 1.1999 | 1.6478 | 0.3183 | 0.4426 | 5.1506 | 2.9032 | 0.2034 | 0.6873 | 0.2194 | 7.3969 | 8.7771 | 0.3127 | 0.4331 | 5.1852
91 | 1.5797 | 0.2244 | 0.6825 | 0.2102 | 1.1987 | 1.7076 | 0.3175 | 0.4397 | 5.1380 | 2.9104 | 0.2029 | 0.6884 | 0.2246 | 7.3828 | 8.8205 | 0.3115 | 0.4299 | 5.1657
92 | 1.5908 | 0.2235 | 0.6833 | 0.2162 | 1.1982 | 1.7713 | 0.3166 | 0.4369 | 5.1253 | 2.9173 | 0.2016 | 0.6886 | 0.2305 | 7.3578 | 8.8674 | 0.3113 | 0.4275 | 5.1651
93 | 1.6021 | 0.2223 | 0.6841 | 0.2224 | 1.1971 | 1.8368 | 0.3158 | 0.4339 | 5.1124 | 2.9271 | 0.2008 | 0.6896 | 0.2361 | 7.3491 | 8.9296 | 0.3103 | 0.4248 | 5.1484
94 | 1.6134 | 0.2214 | 0.6849 | 0.2279 | 1.1962 | 1.9070 | 0.3150 | 0.4313 | 5.1012 | 2.9361 | 0.2001 | 0.6902 | 0.2409 | 7.3413 | 8.9877 | 0.3097 | 0.4226 | 5.1391
95 | 1.6249 | 0.2203 | 0.6856 | 0.2336 | 1.1948 | 1.9787 | 0.3143 | 0.4288 | 5.0897 | 2.9473 | 0.1994 | 0.6910 | 0.2460 | 7.3357 | 9.0642 | 0.3089 | 0.4202 | 5.1257
96 | 1.6359 | 0.2193 | 0.6863 | 0.2387 | 1.1942 | 2.0485 | 0.3136 | 0.4267 | 5.0789 | 2.9576 | 0.1984 | 0.6918 | 0.2512 | 7.3375 | 9.1243 | 0.3081 | 0.4183 | 5.1155
97 | 1.6455 | 0.2185 | 0.6869 | 0.2430 | 1.1937 | 2.1114 | 0.3130 | 0.4250 | 5.0695 | 2.9656 | 0.1978 | 0.6922 | 0.2546 | 7.3274 | 9.1882 | 0.3077 | 0.4169 | 5.1084
98 | 1.6535 | 0.2179 | 0.6874 | 0.2466 | 1.1933 | 2.1644 | 0.3125 | 0.4237 | 5.0622 | 2.9736 | 0.1973 | 0.6927 | 0.2576 | 7.3282 | 9.2433 | 0.3072 | 0.4158 | 5.1012
99 | 1.6591 | 0.2174 | 0.6877 | 0.2490 | 1.1929 | 2.2015 | 0.3122 | 0.4230 | 5.0572 | 2.9771 | 0.1970 | 0.6929 | 0.2591 | 7.3204 | 9.2741 | 0.3070 | 0.4153 | 5.0975
100 | 1.6619 | 0.2172 | 0.6879 | 0.2501 | 1.1928 | 2.2214 | 0.3120 | 0.4226 | 5.0545 | 2.9776 | 0.1971 | 0.6929 | 0.2595 | 7.3162 | 9.2789 | 0.3070 | 0.4152 | 5.0966
