epoch | loss | sim_loss | var_pred | var_target | cov_pred | cov_target | feat_std | feat_std_ctx | feat_norm | val_loss | val_sim_loss | val_var_pred | val_var_target | val_cov_pred | val_cov_target | val_feat_std | val_feat_std_ctx | val_feat_norm
1 | 131.4317 | 0.5170 | 0.6144 | 0.3591 | 16.5540 | 33.2214 | 0.3855 | 0.6670 | 6.2520 | 155.3415 | 0.4966 | 0.6648 | 0.4333 | 26.9327 | 47.2643 | 0.3351 | 0.5889 | 5.5951
2 | 119.8878 | 0.4873 | 0.6184 | 0.3590 | 14.0243 | 33.2194 | 0.3815 | 0.6670 | 5.3048 | 140.8729 | 0.4565 | 0.6868 | 0.4333 | 23.0714 | 47.2535 | 0.3131 | 0.5888 | 4.1233
3 | 108.2824 | 0.4556 | 0.6499 | 0.3591 | 9.9150 | 33.2197 | 0.3499 | 0.6670 | 4.1380 | 135.0944 | 0.4312 | 0.7560 | 0.4332 | 20.2320 | 47.2408 | 0.2438 | 0.5888 | 2.9215
4 | 102.5354 | 0.4419 | 0.6964 | 0.3591 | 5.7424 | 33.2247 | 0.3035 | 0.6670 | 3.4732 | 135.1701 | 0.4190 | 0.8374 | 0.4333 | 19.1606 | 47.2562 | 0.1622 | 0.5889 | 1.9794
5 | 100.0037 | 0.4344 | 0.7277 | 0.3590 | 3.5097 | 33.2192 | 0.2722 | 0.6670 | 3.0790 | 135.5452 | 0.4121 | 0.8820 | 0.4332 | 18.1915 | 47.2445 | 0.1175 | 0.5889 | 1.4370
6 | 99.0420 | 0.4315 | 0.7315 | 0.3590 | 2.6247 | 33.2204 | 0.2684 | 0.6670 | 3.0206 | 135.8453 | 0.4089 | 0.8927 | 0.4333 | 18.0854 | 47.2609 | 0.1068 | 0.5889 | 1.2993
7 | 98.5464 | 0.4302 | 0.7271 | 0.3591 | 2.1780 | 33.2243 | 0.2728 | 0.6670 | 3.0642 | 135.9407 | 0.4066 | 0.8976 | 0.4333 | 17.9921 | 47.2604 | 0.1019 | 0.5889 | 1.2418
8 | 98.2099 | 0.4289 | 0.7254 | 0.3590 | 1.8844 | 33.2169 | 0.2745 | 0.6669 | 3.0812 | 135.9755 | 0.4047 | 0.9013 | 0.4333 | 17.8924 | 47.2477 | 0.0981 | 0.5888 | 1.2052
9 | 97.9763 | 0.4278 | 0.7246 | 0.3590 | 1.6704 | 33.2192 | 0.2752 | 0.6668 | 3.0896 | 136.0012 | 0.4035 | 0.9042 | 0.4333 | 17.7933 | 47.2516 | 0.0952 | 0.5887 | 1.1789
10 | 97.8086 | 0.4268 | 0.7242 | 0.3591 | 1.5146 | 33.2210 | 0.2757 | 0.6667 | 3.0955 | 135.9720 | 0.4024 | 0.9068 | 0.4332 | 17.6827 | 47.2233 | 0.0926 | 0.5886 | 1.1622
11 | 97.6873 | 0.4260 | 0.7239 | 0.3591 | 1.4067 | 33.2188 | 0.2760 | 0.6666 | 3.0998 | 136.0265 | 0.4014 | 0.9090 | 0.4332 | 17.6370 | 47.2275 | 0.0904 | 0.5885 | 1.1520
12 | 97.6034 | 0.4253 | 0.7237 | 0.3591 | 1.3319 | 33.2179 | 0.2761 | 0.6664 | 3.1029 | 136.1350 | 0.4009 | 0.9109 | 0.4332 | 17.6402 | 47.2444 | 0.0884 | 0.5884 | 1.1430
13 | 97.5400 | 0.4248 | 0.7235 | 0.3591 | 1.2754 | 33.2178 | 0.2763 | 0.6663 | 3.1057 | 136.2432 | 0.4002 | 0.9127 | 0.4332 | 17.6842 | 47.2289 | 0.0866 | 0.5883 | 1.1386
14 | 97.4915 | 0.4244 | 0.7234 | 0.3591 | 1.2342 | 33.2160 | 0.2765 | 0.6662 | 3.1081 | 136.3971 | 0.3998 | 0.9143 | 0.4332 | 17.7656 | 47.2266 | 0.0850 | 0.5882 | 1.1355
15 | 97.4509 | 0.4240 | 0.7233 | 0.3591 | 1.2056 | 33.2096 | 0.2766 | 0.6661 | 3.1099 | 136.6205 | 0.3994 | 0.9157 | 0.4332 | 17.9199 | 47.2304 | 0.0835 | 0.5881 | 1.1339
16 | 97.4303 | 0.4237 | 0.7232 | 0.3591 | 1.1864 | 33.2118 | 0.2766 | 0.6660 | 3.1112 | 136.8315 | 0.3991 | 0.9169 | 0.4333 | 18.0785 | 47.2208 | 0.0823 | 0.5881 | 1.1333
17 | 97.4087 | 0.4234 | 0.7232 | 0.3591 | 1.1715 | 33.2090 | 0.2767 | 0.6659 | 3.1123 | 137.0813 | 0.3988 | 0.9180 | 0.4332 | 18.2964 | 47.2055 | 0.0812 | 0.5879 | 1.1337
18 | 97.3920 | 0.4232 | 0.7231 | 0.3591 | 1.1571 | 33.2095 | 0.2767 | 0.6658 | 3.1132 | 137.3304 | 0.3986 | 0.9189 | 0.4332 | 18.4913 | 47.2157 | 0.0802 | 0.5879 | 1.1334
19 | 97.3745 | 0.4230 | 0.7231 | 0.3591 | 1.1450 | 33.2064 | 0.2768 | 0.6657 | 3.1140 | 137.5381 | 0.3987 | 0.9198 | 0.4332 | 18.6685 | 47.2042 | 0.0794 | 0.5877 | 1.1317
20 | 97.3562 | 0.4228 | 0.7231 | 0.3590 | 1.1355 | 33.2012 | 0.2768 | 0.6655 | 3.1147 | 137.7358 | 0.3984 | 0.9205 | 0.4331 | 18.8588 | 47.1819 | 0.0786 | 0.5876 | 1.1327
21 | 97.3529 | 0.4227 | 0.7230 | 0.3591 | 1.1291 | 33.2049 | 0.2768 | 0.6654 | 3.1154 | 137.9564 | 0.3982 | 0.9211 | 0.4332 | 19.0311 | 47.1984 | 0.0780 | 0.5875 | 1.1347
22 | 97.3483 | 0.4226 | 0.7230 | 0.3591 | 1.1254 | 33.2052 | 0.2768 | 0.6653 | 3.1158 | 138.1620 | 0.3983 | 0.9217 | 0.4331 | 19.2143 | 47.1904 | 0.0774 | 0.5875 | 1.1341
23 | 97.3404 | 0.4224 | 0.7230 | 0.3591 | 1.1220 | 33.2030 | 0.2769 | 0.6652 | 3.1164 | 138.3369 | 0.3980 | 0.9223 | 0.4331 | 19.3686 | 47.1850 | 0.0768 | 0.5874 | 1.1365
24 | 97.3365 | 0.4223 | 0.7230 | 0.3591 | 1.1172 | 33.2034 | 0.2769 | 0.6651 | 3.1167 | 138.4989 | 0.3979 | 0.9228 | 0.4331 | 19.5057 | 47.1867 | 0.0763 | 0.5872 | 1.1369
25 | 97.3223 | 0.4222 | 0.7230 | 0.3591 | 1.1101 | 33.1986 | 0.2769 | 0.6650 | 3.1169 | 138.7060 | 0.3978 | 0.9234 | 0.4332 | 19.6761 | 47.1910 | 0.0757 | 0.5873 | 1.1366
26 | 97.3111 | 0.4222 | 0.7230 | 0.3591 | 1.1020 | 33.1966 | 0.2769 | 0.6649 | 3.1174 | 138.8570 | 0.3978 | 0.9238 | 0.4331 | 19.8319 | 47.1704 | 0.0752 | 0.5871 | 1.1366
