epoch | loss | sim_loss | var_pred | var_target | cov_pred | cov_target | feat_std | feat_std_ctx | feat_norm | val_loss | val_sim_loss | val_var_pred | val_var_target | val_cov_pred | val_cov_target | val_feat_std | val_feat_std_ctx | val_feat_norm
1 | 4.6567 | 0.3875 | 0.8130 | 0.1623 | 1.3953 | 30.7445 | 0.1868 | 0.8851 | 3.8174 | 6.1276 | 0.3532 | 0.8652 | 0.1531 | 18.8127 | 28.3747 | 0.1345 | 0.9244 | 2.8851
2 | 1.9728 | 0.3619 | 0.7903 | 0.0541 | 1.2824 | 5.3898 | 0.2095 | 0.9865 | 4.1422 | 4.5078 | 0.3379 | 0.8228 | 0.1243 | 11.8871 | 19.6114 | 0.1770 | 0.9387 | 3.6398
3 | 1.8121 | 0.3447 | 0.7809 | 0.0535 | 1.2942 | 3.9238 | 0.2189 | 0.9550 | 4.3184 | 3.8109 | 0.3263 | 0.7994 | 0.1105 | 9.0980 | 15.6758 | 0.2004 | 0.9011 | 4.0693
4 | 1.7154 | 0.3334 | 0.7754 | 0.0518 | 1.2983 | 3.0668 | 0.2244 | 0.8919 | 4.4181 | 3.5524 | 0.3185 | 0.7874 | 0.1033 | 8.4098 | 13.9038 | 0.2124 | 0.8294 | 4.3008
5 | 1.6628 | 0.3254 | 0.7719 | 0.0513 | 1.3023 | 2.6125 | 0.2279 | 0.8054 | 4.4767 | 3.4523 | 0.3129 | 0.7805 | 0.0991 | 8.2714 | 13.1267 | 0.2194 | 0.7375 | 4.4250
6 | 1.6292 | 0.3188 | 0.7701 | 0.0550 | 1.3036 | 2.2983 | 0.2297 | 0.7026 | 4.5056 | 3.3087 | 0.3066 | 0.7769 | 0.1025 | 7.8687 | 12.1176 | 0.2229 | 0.6368 | 4.4833
7 | 1.6091 | 0.3130 | 0.7693 | 0.0627 | 1.3047 | 2.0744 | 0.2305 | 0.6010 | 4.5183 | 3.2876 | 0.3023 | 0.7763 | 0.1075 | 7.9338 | 11.8316 | 0.2235 | 0.5426 | 4.4932
8 | 1.5959 | 0.3101 | 0.7687 | 0.0675 | 1.3060 | 1.9184 | 0.2312 | 0.5127 | 4.5297 | 3.2405 | 0.3020 | 0.7744 | 0.1084 | 7.7225 | 11.5622 | 0.2255 | 0.4658 | 4.5222
9 | 1.5905 | 0.3108 | 0.7681 | 0.0688 | 1.3072 | 1.8396 | 0.2317 | 0.4428 | 4.5388 | 3.2252 | 0.3041 | 0.7744 | 0.1068 | 7.5089 | 11.6191 | 0.2254 | 0.4051 | 4.5162
10 | 1.5923 | 0.3133 | 0.7680 | 0.0681 | 1.3096 | 1.8368 | 0.2319 | 0.3912 | 4.5403 | 3.2350 | 0.3070 | 0.7733 | 0.1044 | 7.5603 | 11.6543 | 0.2266 | 0.3643 | 4.5378
11 | 1.5949 | 0.3163 | 0.7674 | 0.0661 | 1.3137 | 1.8458 | 0.2324 | 0.3592 | 4.5493 | 3.3093 | 0.3083 | 0.7706 | 0.1023 | 7.8900 | 12.0567 | 0.2293 | 0.3419 | 4.6071
12 | 1.5928 | 0.3175 | 0.7668 | 0.0639 | 1.3173 | 1.8277 | 0.2330 | 0.3435 | 4.5588 | 3.3070 | 0.3111 | 0.7731 | 0.1028 | 7.7440 | 12.1628 | 0.2267 | 0.3306 | 4.5425
13 | 1.5892 | 0.3180 | 0.7666 | 0.0614 | 1.3187 | 1.8089 | 0.2332 | 0.3356 | 4.5634 | 3.3135 | 0.3114 | 0.7729 | 0.1006 | 7.7225 | 12.2665 | 0.2269 | 0.3263 | 4.5458
14 | 1.5859 | 0.3184 | 0.7666 | 0.0594 | 1.3188 | 1.7926 | 0.2333 | 0.3328 | 4.5640 | 3.3033 | 0.3113 | 0.7733 | 0.1002 | 7.7168 | 12.1782 | 0.2265 | 0.3246 | 4.5381
15 | 1.5850 | 0.3185 | 0.7667 | 0.0588 | 1.3194 | 1.7875 | 0.2332 | 0.3324 | 4.5640 | 3.3319 | 0.3112 | 0.7740 | 0.1011 | 7.8867 | 12.2839 | 0.2258 | 0.3240 | 4.5306
16 | 1.5870 | 0.3187 | 0.7669 | 0.0606 | 1.3196 | 1.7881 | 0.2330 | 0.3336 | 4.5617 | 3.3187 | 0.3116 | 0.7731 | 0.1039 | 7.7303 | 12.2738 | 0.2268 | 0.3265 | 4.5484
17 | 1.5898 | 0.3184 | 0.7671 | 0.0632 | 1.3197 | 1.7915 | 0.2327 | 0.3357 | 4.5595 | 3.3437 | 0.3099 | 0.7719 | 0.1074 | 7.8807 | 12.3476 | 0.2279 | 0.3282 | 4.5818
18 | 1.5932 | 0.3182 | 0.7674 | 0.0662 | 1.3198 | 1.7977 | 0.2324 | 0.3379 | 4.5558 | 3.3507 | 0.3110 | 0.7742 | 0.1101 | 7.7951 | 12.4728 | 0.2257 | 0.3303 | 4.5347
19 | 1.5969 | 0.3179 | 0.7678 | 0.0709 | 1.3194 | 1.7927 | 0.2321 | 0.3387 | 4.5519 | 3.3581 | 0.3106 | 0.7735 | 0.1152 | 7.8103 | 12.4783 | 0.2263 | 0.3302 | 4.5570
20 | 1.5992 | 0.3175 | 0.7680 | 0.0751 | 1.3196 | 1.7768 | 0.2318 | 0.3408 | 4.5497 | 3.3710 | 0.3106 | 0.7759 | 0.1190 | 7.8691 | 12.5190 | 0.2239 | 0.3336 | 4.5086
21 | 1.6026 | 0.3170 | 0.7684 | 0.0799 | 1.3204 | 1.7673 | 0.2314 | 0.3421 | 4.5444 | 3.3789 | 0.3093 | 0.7767 | 0.1241 | 7.9624 | 12.4616 | 0.2231 | 0.3341 | 4.5026
22 | 1.6057 | 0.3160 | 0.7687 | 0.0853 | 1.3209 | 1.7537 | 0.2311 | 0.3440 | 4.5413 | 3.4021 | 0.3089 | 0.7748 | 0.1301 | 7.8363 | 12.7633 | 0.2250 | 0.3361 | 4.5390
23 | 1.6116 | 0.3156 | 0.7692 | 0.0911 | 1.3233 | 1.7577 | 0.2306 | 0.3461 | 4.5330 | 3.4289 | 0.3075 | 0.7762 | 0.1361 | 7.9158 | 12.9058 | 0.2236 | 0.3371 | 4.5165
24 | 1.6192 | 0.3148 | 0.7699 | 0.0982 | 1.3256 | 1.7696 | 0.2299 | 0.3478 | 4.5221 | 3.5118 | 0.3066 | 0.7781 | 0.1443 | 8.2082 | 13.3706 | 0.2217 | 0.3373 | 4.4890
25 | 1.6248 | 0.3153 | 0.7708 | 0.1031 | 1.3320 | 1.7669 | 0.2291 | 0.3512 | 4.5088 | 3.5899 | 0.3081 | 0.7766 | 0.1507 | 8.3314 | 13.9420 | 0.2232 | 0.3417 | 4.5245
26 | 1.6285 | 0.3159 | 0.7715 | 0.1079 | 1.3388 | 1.7449 | 0.2283 | 0.3566 | 4.4976 | 3.6654 | 0.3089 | 0.7813 | 0.1541 | 8.7043 | 14.2956 | 0.2185 | 0.3485 | 4.4341
27 | 1.6315 | 0.3164 | 0.7720 | 0.1119 | 1.3448 | 1.7250 | 0.2278 | 0.3639 | 4.4914 | 3.6736 | 0.3093 | 0.7787 | 0.1576 | 8.6898 | 14.3462 | 0.2211 | 0.3545 | 4.4893
28 | 1.6357 | 0.3174 | 0.7724 | 0.1149 | 1.3476 | 1.7262 | 0.2275 | 0.3694 | 4.4870 | 3.6903 | 0.3099 | 0.7811 | 0.1612 | 8.8306 | 14.3344 | 0.2187 | 0.3584 | 4.4492
29 | 1.6400 | 0.3172 | 0.7726 | 0.1189 | 1.3484 | 1.7289 | 0.2272 | 0.3739 | 4.4853 | 3.7481 | 0.3080 | 0.7810 | 0.1644 | 9.3365 | 14.3881 | 0.2188 | 0.3622 | 4.4620
30 | 1.6437 | 0.3167 | 0.7725 | 0.1229 | 1.3482 | 1.7302 | 0.2273 | 0.3783 | 4.4904 | 3.7531 | 0.3090 | 0.7810 | 0.1674 | 9.3330 | 14.4012 | 0.2188 | 0.3654 | 4.4637
31 | 1.6484 | 0.3161 | 0.7726 | 0.1282 | 1.3467 | 1.7316 | 0.2272 | 0.3815 | 4.4897 | 3.7591 | 0.3071 | 0.7789 | 0.1722 | 9.2518 | 14.5036 | 0.2209 | 0.3676 | 4.5128
32 | 1.6540 | 0.3154 | 0.7728 | 0.1335 | 1.3464 | 1.7427 | 0.2270 | 0.3836 | 4.4878 | 3.7857 | 0.3079 | 0.7815 | 0.1766 | 9.4304 | 14.5464 | 0.2184 | 0.3699 | 4.4637
33 | 1.6583 | 0.3151 | 0.7731 | 0.1389 | 1.3447 | 1.7372 | 0.2267 | 0.3863 | 4.4835 | 3.8086 | 0.3094 | 0.7845 | 0.1818 | 9.5206 | 14.6321 | 0.2153 | 0.3726 | 4.4002
34 | 1.6629 | 0.3147 | 0.7735 | 0.1444 | 1.3434 | 1.7335 | 0.2264 | 0.3880 | 4.4786 | 3.8064 | 0.3072 | 0.7831 | 0.1869 | 9.4215 | 14.6720 | 0.2167 | 0.3745 | 4.4332
35 | 1.6679 | 0.3142 | 0.7737 | 0.1501 | 1.3422 | 1.7334 | 0.2262 | 0.3899 | 4.4757 | 3.8495 | 0.3046 | 0.7802 | 0.1903 | 9.6563 | 14.8480 | 0.2196 | 0.3748 | 4.4984
36 | 1.6724 | 0.3139 | 0.7740 | 0.1547 | 1.3416 | 1.7362 | 0.2258 | 0.3913 | 4.4706 | 3.8562 | 0.3049 | 0.7824 | 0.1961 | 9.5971 | 14.9208 | 0.2174 | 0.3758 | 4.4532
37 | 1.6749 | 0.3128 | 0.7743 | 0.1601 | 1.3401 | 1.7211 | 0.2255 | 0.3919 | 4.4649 | 3.8608 | 0.3052 | 0.7827 | 0.2008 | 9.6858 | 14.8282 | 0.2171 | 0.3769 | 4.4460
38 | 1.6788 | 0.3125 | 0.7747 | 0.1648 | 1.3390 | 1.7186 | 0.2251 | 0.3925 | 4.4590 | 3.8454 | 0.3050 | 0.7846 | 0.2043 | 9.5949 | 14.7373 | 0.2152 | 0.3765 | 4.4117
39 | 1.6812 | 0.3117 | 0.7748 | 0.1681 | 1.3372 | 1.7190 | 0.2251 | 0.3921 | 4.4590 | 3.8728 | 0.3023 | 0.7844 | 0.2082 | 9.7863 | 14.8000 | 0.2154 | 0.3756 | 4.4276
40 | 1.6842 | 0.3111 | 0.7750 | 0.1716 | 1.3353 | 1.7218 | 0.2248 | 0.3921 | 4.4553 | 3.9028 | 0.3026 | 0.7855 | 0.2126 | 9.8512 | 14.9890 | 0.2143 | 0.3747 | 4.4108
41 | 1.6878 | 0.3099 | 0.7752 | 0.1759 | 1.3337 | 1.7280 | 0.2246 | 0.3922 | 4.4522 | 3.8782 | 0.3019 | 0.7843 | 0.2169 | 9.6078 | 14.9518 | 0.2155 | 0.3749 | 4.4266
42 | 1.6910 | 0.3089 | 0.7755 | 0.1792 | 1.3332 | 1.7371 | 0.2244 | 0.3913 | 4.4486 | 3.9240 | 0.3002 | 0.7840 | 0.2183 | 9.9228 | 15.0892 | 0.2158 | 0.3738 | 4.4452
43 | 1.6940 | 0.3081 | 0.7756 | 0.1819 | 1.3321 | 1.7509 | 0.2242 | 0.3904 | 4.4466 | 3.9295 | 0.3005 | 0.7855 | 0.2230 | 9.7473 | 15.2807 | 0.2143 | 0.3728 | 4.4070
44 | 1.6981 | 0.3072 | 0.7758 | 0.1857 | 1.3321 | 1.7619 | 0.2240 | 0.3891 | 4.4452 | 3.9129 | 0.2992 | 0.7849 | 0.2249 | 9.7727 | 15.0783 | 0.2149 | 0.3718 | 4.4224
45 | 1.6996 | 0.3065 | 0.7758 | 0.1880 | 1.3314 | 1.7609 | 0.2240 | 0.3879 | 4.4449 | 3.9207 | 0.2983 | 0.7857 | 0.2276 | 9.9076 | 15.0023 | 0.2141 | 0.3703 | 4.4134
46 | 1.7007 | 0.3055 | 0.7759 | 0.1909 | 1.3308 | 1.7543 | 0.2239 | 0.3872 | 4.4436 | 3.9022 | 0.2989 | 0.7865 | 0.2293 | 9.6453 | 15.0623 | 0.2133 | 0.3706 | 4.3922
47 | 1.7027 | 0.3053 | 0.7759 | 0.1919 | 1.3311 | 1.7649 | 0.2239 | 0.3865 | 4.4456 | 3.8886 | 0.2982 | 0.7846 | 0.2301 | 9.6474 | 14.9197 | 0.2152 | 0.3694 | 4.4293
48 | 1.7053 | 0.3050 | 0.7760 | 0.1934 | 1.3312 | 1.7799 | 0.2238 | 0.3852 | 4.4445 | 3.9278 | 0.2967 | 0.7860 | 0.2324 | 9.8494 | 15.1003 | 0.2138 | 0.3679 | 4.4095
49 | 1.7076 | 0.3043 | 0.7761 | 0.1948 | 1.3308 | 1.7967 | 0.2237 | 0.3838 | 4.4421 | 3.9204 | 0.2975 | 0.7859 | 0.2352 | 9.7122 | 15.1305 | 0.2139 | 0.3666 | 4.4064
50 | 1.7099 | 0.3037 | 0.7762 | 0.1970 | 1.3301 | 1.8051 | 0.2236 | 0.3827 | 4.4417 | 3.9362 | 0.2945 | 0.7856 | 0.2354 | 10.0477 | 14.9718 | 0.2142 | 0.3657 | 4.4240
51 | 1.7110 | 0.3030 | 0.7763 | 0.1977 | 1.3293 | 1.8157 | 0.2236 | 0.3817 | 4.4406 | 3.8977 | 0.2951 | 0.7858 | 0.2359 | 9.7580 | 14.8687 | 0.2140 | 0.3647 | 4.4183
52 | 1.7116 | 0.3029 | 0.7763 | 0.1980 | 1.3290 | 1.8193 | 0.2235 | 0.3806 | 4.4410 | 3.9186 | 0.2952 | 0.7863 | 0.2355 | 9.9490 | 14.8920 | 0.2135 | 0.3642 | 4.4080
53 | 1.7131 | 0.3022 | 0.7763 | 0.1989 | 1.3283 | 1.8341 | 0.2235 | 0.3793 | 4.4413 | 3.8829 | 0.2938 | 0.7849 | 0.2369 | 9.7318 | 14.7510 | 0.2149 | 0.3621 | 4.4290
54 | 1.7138 | 0.3017 | 0.7763 | 0.1992 | 1.3276 | 1.8441 | 0.2235 | 0.3786 | 4.4412 | 3.8566 | 0.2943 | 0.7862 | 0.2365 | 9.5574 | 14.6640 | 0.2136 | 0.3625 | 4.4046
55 | 1.7140 | 0.3010 | 0.7763 | 0.1988 | 1.3265 | 1.8580 | 0.2235 | 0.3778 | 4.4407 | 3.8373 | 0.2930 | 0.7855 | 0.2353 | 9.6078 | 14.4397 | 0.2143 | 0.3613 | 4.4274
56 | 1.7154 | 0.3002 | 0.7763 | 0.1985 | 1.3254 | 1.8845 | 0.2235 | 0.3768 | 4.4406 | 3.8006 | 0.2930 | 0.7861 | 0.2361 | 9.4218 | 14.2596 | 0.2137 | 0.3598 | 4.4041
57 | 1.7156 | 0.2998 | 0.7763 | 0.1973 | 1.3248 | 1.9018 | 0.2236 | 0.3756 | 4.4418 | 3.7457 | 0.2916 | 0.7860 | 0.2340 | 9.3520 | 13.8091 | 0.2138 | 0.3581 | 4.4145
58 | 1.7143 | 0.2992 | 0.7762 | 0.1966 | 1.3228 | 1.9044 | 0.2236 | 0.3747 | 4.4428 | 3.7473 | 0.2904 | 0.7852 | 0.2341 | 9.4981 | 13.6849 | 0.2146 | 0.3582 | 4.4346
59 | 1.7144 | 0.2982 | 0.7762 | 0.1970 | 1.3217 | 1.9123 | 0.2236 | 0.3740 | 4.4422 | 3.7269 | 0.2911 | 0.7864 | 0.2347 | 9.3505 | 13.6270 | 0.2134 | 0.3581 | 4.4001
60 | 1.7157 | 0.2975 | 0.7762 | 0.1974 | 1.3199 | 1.9302 | 0.2236 | 0.3731 | 4.4418 | 3.7235 | 0.2893 | 0.7864 | 0.2355 | 9.2567 | 13.6907 | 0.2134 | 0.3568 | 4.4096
61 | 1.7186 | 0.2966 | 0.7762 | 0.1985 | 1.3186 | 1.9600 | 0.2236 | 0.3723 | 4.4406 | 3.7039 | 0.2877 | 0.7845 | 0.2359 | 9.1996 | 13.5595 | 0.2153 | 0.3568 | 4.4427
62 | 1.7179 | 0.2955 | 0.7763 | 0.1992 | 1.3167 | 1.9591 | 0.2235 | 0.3716 | 4.4393 | 3.6757 | 0.2883 | 0.7857 | 0.2362 | 9.0691 | 13.4096 | 0.2141 | 0.3567 | 4.4103
63 | 1.7174 | 0.2949 | 0.7764 | 0.1998 | 1.3155 | 1.9557 | 0.2234 | 0.3711 | 4.4371 | 3.6792 | 0.2855 | 0.7847 | 0.2373 | 9.1231 | 13.3989 | 0.2151 | 0.3559 | 4.4395
64 | 1.7192 | 0.2937 | 0.7765 | 0.2003 | 1.3138 | 1.9828 | 0.2233 | 0.3706 | 4.4350 | 3.6749 | 0.2850 | 0.7856 | 0.2382 | 9.1658 | 13.3064 | 0.2142 | 0.3556 | 4.4274
65 | 1.7205 | 0.2922 | 0.7766 | 0.2012 | 1.3128 | 2.0024 | 0.2232 | 0.3700 | 4.4327 | 3.6811 | 0.2837 | 0.7853 | 0.2404 | 9.2166 | 13.3087 | 0.2145 | 0.3551 | 4.4336
66 | 1.7196 | 0.2910 | 0.7767 | 0.2016 | 1.3114 | 2.0030 | 0.2232 | 0.3698 | 4.4323 | 3.6681 | 0.2831 | 0.7858 | 0.2399 | 9.0277 | 13.3836 | 0.2140 | 0.3556 | 4.4200
67 | 1.7170 | 0.2902 | 0.7767 | 0.2017 | 1.3109 | 1.9855 | 0.2231 | 0.3697 | 4.4311 | 3.6472 | 0.2828 | 0.7859 | 0.2403 | 8.9168 | 13.2886 | 0.2139 | 0.3567 | 4.4103
68 | 1.7147 | 0.2889 | 0.7768 | 0.2023 | 1.3089 | 1.9717 | 0.2230 | 0.3698 | 4.4288 | 3.6215 | 0.2813 | 0.7868 | 0.2412 | 8.8686 | 13.0868 | 0.2130 | 0.3558 | 4.3955
69 | 1.7120 | 0.2879 | 0.7769 | 0.2026 | 1.3075 | 1.9529 | 0.2229 | 0.3695 | 4.4270 | 3.6123 | 0.2811 | 0.7860 | 0.2403 | 8.8171 | 13.0545 | 0.2138 | 0.3551 | 4.4105
70 | 1.7113 | 0.2873 | 0.7770 | 0.2026 | 1.3069 | 1.9523 | 0.2228 | 0.3696 | 4.4253 | 3.5841 | 0.2797 | 0.7864 | 0.2409 | 8.7541 | 12.8442 | 0.2134 | 0.3561 | 4.4047
71 | 1.7083 | 0.2866 | 0.7771 | 0.2022 | 1.3051 | 1.9355 | 0.2227 | 0.3697 | 4.4247 | 3.5863 | 0.2796 | 0.7858 | 0.2398 | 8.9076 | 12.7245 | 0.2140 | 0.3575 | 4.4147
72 | 1.7053 | 0.2855 | 0.7771 | 0.2023 | 1.3038 | 1.9158 | 0.2227 | 0.3697 | 4.4239 | 3.5737 | 0.2782 | 0.7862 | 0.2407 | 8.7641 | 12.7512 | 0.2136 | 0.3569 | 4.4014
73 | 1.7054 | 0.2844 | 0.7772 | 0.2030 | 1.3030 | 1.9220 | 0.2226 | 0.3692 | 4.4227 | 3.5541 | 0.2775 | 0.7866 | 0.2408 | 8.6651 | 12.6651 | 0.2132 | 0.3574 | 4.3875
74 | 1.7043 | 0.2831 | 0.7773 | 0.2035 | 1.3020 | 1.9203 | 0.2225 | 0.3688 | 4.4210 | 3.5638 | 0.2758 | 0.7859 | 0.2413 | 8.8680 | 12.5645 | 0.2139 | 0.3559 | 4.4092
75 | 1.7032 | 0.2820 | 0.7774 | 0.2041 | 1.3002 | 1.9172 | 0.2224 | 0.3685 | 4.4194 | 3.5584 | 0.2745 | 0.7861 | 0.2418 | 8.9099 | 12.4718 | 0.2137 | 0.3565 | 4.4150
76 | 1.7026 | 0.2814 | 0.7774 | 0.2042 | 1.2995 | 1.9167 | 0.2224 | 0.3685 | 4.4192 | 3.5268 | 0.2741 | 0.7867 | 0.2418 | 8.6979 | 12.3761 | 0.2131 | 0.3560 | 4.3991
77 | 1.7021 | 0.2806 | 0.7774 | 0.2044 | 1.2978 | 1.9186 | 0.2224 | 0.3691 | 4.4188 | 3.5283 | 0.2736 | 0.7862 | 0.2420 | 8.7348 | 12.3563 | 0.2136 | 0.3576 | 4.4079
78 | 1.7016 | 0.2801 | 0.7774 | 0.2041 | 1.2964 | 1.9235 | 0.2224 | 0.3696 | 4.4188 | 3.5222 | 0.2734 | 0.7861 | 0.2418 | 8.7199 | 12.3126 | 0.2137 | 0.3575 | 4.4112
79 | 1.6999 | 0.2798 | 0.7774 | 0.2037 | 1.2946 | 1.9152 | 0.2224 | 0.3700 | 4.4186 | 3.5218 | 0.2734 | 0.7866 | 0.2411 | 8.7951 | 12.2426 | 0.2132 | 0.3581 | 4.3998
80 | 1.7006 | 0.2793 | 0.7774 | 0.2033 | 1.2931 | 1.9326 | 0.2225 | 0.3707 | 4.4190 | 3.5077 | 0.2722 | 0.7866 | 0.2415 | 8.6691 | 12.2381 | 0.2132 | 0.3594 | 4.3968
81 | 1.7004 | 0.2790 | 0.7773 | 0.2028 | 1.2916 | 1.9396 | 0.2225 | 0.3709 | 4.4192 | 3.5273 | 0.2723 | 0.7854 | 0.2404 | 8.7797 | 12.3272 | 0.2144 | 0.3592 | 4.4248
82 | 1.7010 | 0.2787 | 0.7773 | 0.2024 | 1.2900 | 1.9544 | 0.2226 | 0.3710 | 4.4207 | 3.5312 | 0.2708 | 0.7861 | 0.2408 | 8.8152 | 12.3430 | 0.2137 | 0.3595 | 4.4107
83 | 1.7025 | 0.2780 | 0.7772 | 0.2027 | 1.2884 | 1.9746 | 0.2226 | 0.3708 | 4.4209 | 3.5260 | 0.2706 | 0.7862 | 0.2401 | 8.7920 | 12.3229 | 0.2136 | 0.3583 | 4.4094
84 | 1.7043 | 0.2776 | 0.7771 | 0.2025 | 1.2864 | 2.0010 | 0.2227 | 0.3706 | 4.4229 | 3.5125 | 0.2702 | 0.7863 | 0.2410 | 8.6438 | 12.3363 | 0.2135 | 0.3585 | 4.4019
85 | 1.7063 | 0.2769 | 0.7771 | 0.2032 | 1.2857 | 2.0215 | 0.2227 | 0.3699 | 4.4232 | 3.5260 | 0.2698 | 0.7868 | 0.2417 | 8.7357 | 12.3755 | 0.2130 | 0.3582 | 4.3941
86 | 1.7095 | 0.2763 | 0.7770 | 0.2037 | 1.2838 | 2.0565 | 0.2228 | 0.3688 | 4.4238 | 3.5447 | 0.2686 | 0.7857 | 0.2425 | 8.8747 | 12.4249 | 0.2141 | 0.3567 | 4.4140
87 | 1.7114 | 0.2760 | 0.7771 | 0.2039 | 1.2823 | 2.0781 | 0.2228 | 0.3676 | 4.4232 | 3.5505 | 0.2685 | 0.7861 | 0.2431 | 8.8260 | 12.5264 | 0.2137 | 0.3552 | 4.4085
88 | 1.7140 | 0.2753 | 0.7771 | 0.2051 | 1.2808 | 2.1015 | 0.2227 | 0.3662 | 4.4229 | 3.5472 | 0.2677 | 0.7861 | 0.2449 | 8.7127 | 12.6002 | 0.2137 | 0.3534 | 4.4040
89 | 1.7179 | 0.2743 | 0.7772 | 0.2068 | 1.2791 | 2.1361 | 0.2226 | 0.3646 | 4.4204 | 3.5778 | 0.2666 | 0.7866 | 0.2469 | 8.9106 | 12.6973 | 0.2132 | 0.3523 | 4.3997
90 | 1.7227 | 0.2734 | 0.7773 | 0.2082 | 1.2774 | 2.1792 | 0.2225 | 0.3628 | 4.4190 | 3.5832 | 0.2654 | 0.7865 | 0.2491 | 8.8431 | 12.8084 | 0.2133 | 0.3506 | 4.4009
91 | 1.7279 | 0.2723 | 0.7774 | 0.2106 | 1.2756 | 2.2210 | 0.2224 | 0.3609 | 4.4157 | 3.6097 | 0.2646 | 0.7871 | 0.2516 | 8.9433 | 12.9569 | 0.2127 | 0.3482 | 4.3906
92 | 1.7340 | 0.2712 | 0.7776 | 0.2131 | 1.2738 | 2.2703 | 0.2222 | 0.3588 | 4.4122 | 3.6208 | 0.2635 | 0.7873 | 0.2551 | 8.8865 | 13.1013 | 0.2125 | 0.3465 | 4.3885
93 | 1.7416 | 0.2702 | 0.7779 | 0.2159 | 1.2722 | 2.3310 | 0.2219 | 0.3568 | 4.4068 | 3.6370 | 0.2622 | 0.7872 | 0.2584 | 8.8790 | 13.2511 | 0.2126 | 0.3439 | 4.3900
94 | 1.7494 | 0.2692 | 0.7782 | 0.2187 | 1.2703 | 2.3945 | 0.2216 | 0.3549 | 4.4016 | 3.6562 | 0.2612 | 0.7879 | 0.2622 | 8.8983 | 13.3981 | 0.2119 | 0.3420 | 4.3768
95 | 1.7587 | 0.2679 | 0.7785 | 0.2223 | 1.2683 | 2.4663 | 0.2213 | 0.3530 | 4.3948 | 3.6846 | 0.2602 | 0.7883 | 0.2664 | 8.9687 | 13.5797 | 0.2114 | 0.3404 | 4.3698
96 | 1.7692 | 0.2669 | 0.7789 | 0.2256 | 1.2667 | 2.5512 | 0.2209 | 0.3514 | 4.3877 | 3.7054 | 0.2590 | 0.7889 | 0.2705 | 8.9874 | 13.7401 | 0.2109 | 0.3383 | 4.3609
97 | 1.7796 | 0.2658 | 0.7793 | 0.2292 | 1.2649 | 2.6334 | 0.2206 | 0.3500 | 4.3801 | 3.7194 | 0.2582 | 0.7897 | 0.2746 | 8.9680 | 13.8676 | 0.2101 | 0.3364 | 4.3463
98 | 1.7894 | 0.2649 | 0.7797 | 0.2325 | 1.2631 | 2.7110 | 0.2201 | 0.3489 | 4.3718 | 3.7347 | 0.2575 | 0.7898 | 0.2783 | 8.9560 | 14.0045 | 0.2100 | 0.3361 | 4.3423
99 | 1.7977 | 0.2644 | 0.7800 | 0.2350 | 1.2629 | 2.7767 | 0.2198 | 0.3482 | 4.3650 | 3.7421 | 0.2571 | 0.7901 | 0.2809 | 8.9350 | 14.0783 | 0.2097 | 0.3352 | 4.3363
100 | 1.8028 | 0.2640 | 0.7802 | 0.2366 | 1.2616 | 2.8166 | 0.2196 | 0.3479 | 4.3608 | 3.7475 | 0.2569 | 0.7903 | 0.2823 | 8.9330 | 14.1232 | 0.2094 | 0.3350 | 4.3319
epoch | loss | sim_loss | var_pred | var_target | cov_pred | cov_target | feat_std | feat_std_ctx | feat_norm | val_loss | val_sim_loss | val_var_pred | val_var_target | val_cov_pred | val_cov_target | val_feat_std | val_feat_std_ctx | val_feat_norm
1 | 4.9201 | 0.3875 | 0.8139 | 0.1719 | 1.3965 | 33.2788 | 0.1859 | 0.8768 | 3.8043 | 6.8646 | 0.3542 | 0.8716 | 0.1568 | 22.5931 | 31.8995 | 0.1281 | 0.9163 | 2.7719
2 | 2.0084 | 0.3646 | 0.7915 | 0.0572 | 1.2835 | 5.6872 | 0.2083 | 0.9761 | 4.1198 | 5.0472 | 0.3384 | 0.8294 | 0.1302 | 14.1755 | 22.6405 | 0.1703 | 0.9265 | 3.5357
3 | 1.8277 | 0.3486 | 0.7818 | 0.0541 | 1.2962 | 4.0310 | 0.2180 | 0.9415 | 4.3077 | 4.3426 | 0.3284 | 0.8049 | 0.1101 | 11.4551 | 18.6133 | 0.1949 | 0.8880 | 3.9877
4 | 1.7245 | 0.3381 | 0.7758 | 0.0484 | 1.2979 | 3.1424 | 0.2241 | 0.8766 | 4.4185 | 4.0380 | 0.3213 | 0.7924 | 0.1025 | 10.3745 | 16.7748 | 0.2074 | 0.8136 | 4.2239
5 | 1.6750 | 0.3322 | 0.7722 | 0.0479 | 1.3021 | 2.6928 | 0.2277 | 0.7872 | 4.4878 | 4.0836 | 0.3172 | 0.7869 | 0.1041 | 10.8180 | 16.7857 | 0.2129 | 0.7156 | 4.3454
6 | 1.6577 | 0.3298 | 0.7706 | 0.0524 | 1.3104 | 2.4826 | 0.2293 | 0.6806 | 4.5218 | 4.1067 | 0.3164 | 0.7844 | 0.1091 | 10.6813 | 17.1007 | 0.2154 | 0.6073 | 4.4020
7 | 1.6508 | 0.3282 | 0.7701 | 0.0599 | 1.3184 | 2.3395 | 0.2297 | 0.5725 | 4.5364 | 4.0120 | 0.3152 | 0.7819 | 0.1132 | 10.4556 | 16.3361 | 0.2179 | 0.5065 | 4.4615
8 | 1.6509 | 0.3270 | 0.7700 | 0.0687 | 1.3232 | 2.2563 | 0.2298 | 0.4774 | 4.5420 | 3.9408 | 0.3159 | 0.7819 | 0.1205 | 9.9931 | 16.0099 | 0.2179 | 0.4232 | 4.4615
9 | 1.6528 | 0.3256 | 0.7701 | 0.0778 | 1.3271 | 2.1941 | 0.2297 | 0.4020 | 4.5423 | 3.9654 | 0.3141 | 0.7799 | 0.1276 | 10.1791 | 16.0033 | 0.2199 | 0.3601 | 4.5119
10 | 1.6557 | 0.3243 | 0.7705 | 0.0868 | 1.3315 | 2.1409 | 0.2293 | 0.3477 | 4.5370 | 3.8196 | 0.3130 | 0.7782 | 0.1315 | 9.6466 | 15.0483 | 0.2217 | 0.3178 | 4.5405
11 | 1.6581 | 0.3224 | 0.7705 | 0.0938 | 1.3307 | 2.1141 | 0.2293 | 0.3136 | 4.5383 | 3.7743 | 0.3106 | 0.7784 | 0.1362 | 9.4674 | 14.7522 | 0.2214 | 0.2937 | 4.5367
12 | 1.6589 | 0.3202 | 0.7702 | 0.0982 | 1.3315 | 2.0978 | 0.2296 | 0.2956 | 4.5447 | 3.7554 | 0.3097 | 0.7795 | 0.1400 | 9.3889 | 14.6095 | 0.2204 | 0.2817 | 4.5228
13 | 1.6595 | 0.3191 | 0.7701 | 0.1027 | 1.3330 | 2.0673 | 0.2297 | 0.2877 | 4.5466 | 3.8086 | 0.3092 | 0.7784 | 0.1450 | 9.5822 | 14.8960 | 0.2214 | 0.2771 | 4.5526
14 | 1.6605 | 0.3184 | 0.7702 | 0.1068 | 1.3369 | 2.0399 | 0.2296 | 0.2853 | 4.5466 | 3.8133 | 0.3091 | 0.7794 | 0.1492 | 9.5002 | 14.9843 | 0.2204 | 0.2761 | 4.5391
15 | 1.6610 | 0.3170 | 0.7700 | 0.1111 | 1.3380 | 2.0116 | 0.2298 | 0.2864 | 4.5535 | 3.8147 | 0.3082 | 0.7786 | 0.1547 | 9.3405 | 15.1052 | 0.2213 | 0.2793 | 4.5616
16 | 1.6644 | 0.3159 | 0.7701 | 0.1167 | 1.3393 | 1.9968 | 0.2298 | 0.2921 | 4.5566 | 3.8683 | 0.3058 | 0.7794 | 0.1631 | 9.5327 | 15.3849 | 0.2204 | 0.2857 | 4.5574
17 | 1.6701 | 0.3147 | 0.7703 | 0.1241 | 1.3408 | 1.9887 | 0.2295 | 0.3004 | 4.5562 | 3.8873 | 0.3058 | 0.7796 | 0.1703 | 9.4309 | 15.6011 | 0.2202 | 0.2944 | 4.5578
18 | 1.6751 | 0.3142 | 0.7708 | 0.1305 | 1.3414 | 1.9770 | 0.2291 | 0.3090 | 4.5519 | 3.9122 | 0.3068 | 0.7816 | 0.1773 | 9.4596 | 15.7422 | 0.2182 | 0.3016 | 4.5281
19 | 1.6801 | 0.3135 | 0.7710 | 0.1361 | 1.3418 | 1.9773 | 0.2289 | 0.3171 | 4.5506 | 3.9709 | 0.3050 | 0.7814 | 0.1831 | 9.6213 | 16.1185 | 0.2184 | 0.3085 | 4.5429
20 | 1.6844 | 0.3124 | 0.7711 | 0.1415 | 1.3414 | 1.9774 | 0.2288 | 0.3232 | 4.5499 | 3.9765 | 0.3041 | 0.7824 | 0.1878 | 9.6535 | 16.1080 | 0.2174 | 0.3140 | 4.5263
21 | 1.6898 | 0.3117 | 0.7711 | 0.1462 | 1.3412 | 1.9911 | 0.2287 | 0.3286 | 4.5492 | 4.0122 | 0.3032 | 0.7832 | 0.1917 | 9.9440 | 16.1427 | 0.2166 | 0.3192 | 4.5162
22 | 1.6961 | 0.3107 | 0.7712 | 0.1514 | 1.3409 | 2.0131 | 0.2287 | 0.3333 | 4.5477 | 4.0321 | 0.3004 | 0.7815 | 0.1966 | 10.0987 | 16.1510 | 0.2183 | 0.3219 | 4.5630
23 | 1.6989 | 0.3095 | 0.7711 | 0.1553 | 1.3401 | 2.0150 | 0.2287 | 0.3370 | 4.5481 | 4.0208 | 0.2998 | 0.7823 | 0.1989 | 9.9377 | 16.1873 | 0.2175 | 0.3255 | 4.5455
24 | 1.7028 | 0.3086 | 0.7712 | 0.1587 | 1.3400 | 2.0305 | 0.2287 | 0.3414 | 4.5456 | 4.0225 | 0.2982 | 0.7827 | 0.2019 | 10.1195 | 16.0075 | 0.2170 | 0.3305 | 4.5401
25 | 1.7048 | 0.3076 | 0.7711 | 0.1616 | 1.3411 | 2.0304 | 0.2287 | 0.3476 | 4.5453 | 3.9928 | 0.2990 | 0.7825 | 0.2043 | 9.7535 | 16.0506 | 0.2172 | 0.3368 | 4.5301
26 | 1.7068 | 0.3066 | 0.7713 | 0.1647 | 1.3413 | 2.0317 | 0.2286 | 0.3527 | 4.5415 | 3.9865 | 0.2979 | 0.7841 | 0.2071 | 9.6773 | 16.0553 | 0.2157 | 0.3405 | 4.4946
27 | 1.7056 | 0.3058 | 0.7712 | 0.1655 | 1.3410 | 2.0196 | 0.2287 | 0.3571 | 4.5421 | 3.9874 | 0.2987 | 0.7844 | 0.2062 | 9.7995 | 15.9452 | 0.2154 | 0.3456 | 4.4873
28 | 1.7071 | 0.3051 | 0.7714 | 0.1680 | 1.3409 | 2.0174 | 0.2285 | 0.3606 | 4.5382 | 4.0415 | 0.2953 | 0.7833 | 0.2093 | 10.1648 | 16.1122 | 0.2164 | 0.3481 | 4.5217
29 | 1.7111 | 0.3044 | 0.7715 | 0.1701 | 1.3398 | 2.0450 | 0.2283 | 0.3638 | 4.5354 | 4.0434 | 0.2954 | 0.7840 | 0.2124 | 10.1283 | 16.1379 | 0.2157 | 0.3509 | 4.5080
30 | 1.7121 | 0.3036 | 0.7717 | 0.1724 | 1.3392 | 2.0421 | 0.2281 | 0.3667 | 4.5318 | 4.0538 | 0.2935 | 0.7833 | 0.2149 | 10.2122 | 16.1503 | 0.2164 | 0.3537 | 4.5217
31 | 1.7152 | 0.3029 | 0.7720 | 0.1748 | 1.3384 | 2.0590 | 0.2279 | 0.3696 | 4.5262 | 4.0166 | 0.2931 | 0.7822 | 0.2157 | 10.1009 | 15.8767 | 0.2175 | 0.3551 | 4.5513
32 | 1.7182 | 0.3023 | 0.7722 | 0.1781 | 1.3379 | 2.0610 | 0.2276 | 0.3716 | 4.5226 | 4.0299 | 0.2929 | 0.7836 | 0.2181 | 10.0859 | 16.0136 | 0.2161 | 0.3583 | 4.5139
33 | 1.7226 | 0.3020 | 0.7727 | 0.1820 | 1.3365 | 2.0727 | 0.2272 | 0.3730 | 4.5147 | 3.9868 | 0.2938 | 0.7855 | 0.2210 | 9.9084 | 15.7287 | 0.2143 | 0.3591 | 4.4758
34 | 1.7280 | 0.3016 | 0.7728 | 0.1857 | 1.3363 | 2.0936 | 0.2271 | 0.3742 | 4.5135 | 3.9864 | 0.2939 | 0.7866 | 0.2234 | 9.9196 | 15.6970 | 0.2131 | 0.3617 | 4.4470
35 | 1.7336 | 0.3014 | 0.7731 | 0.1893 | 1.3356 | 2.1174 | 0.2267 | 0.3759 | 4.5080 | 3.9868 | 0.2930 | 0.7834 | 0.2266 | 9.7796 | 15.8043 | 0.2163 | 0.3625 | 4.5157
36 | 1.7361 | 0.3012 | 0.7734 | 0.1927 | 1.3354 | 2.1103 | 0.2264 | 0.3771 | 4.5031 | 3.9892 | 0.2940 | 0.7871 | 0.2300 | 9.9032 | 15.6736 | 0.2126 | 0.3640 | 4.4414
37 | 1.7403 | 0.3008 | 0.7737 | 0.1959 | 1.3348 | 2.1254 | 0.2262 | 0.3783 | 4.4989 | 4.0252 | 0.2940 | 0.7852 | 0.2309 | 10.1954 | 15.7209 | 0.2145 | 0.3651 | 4.4879
38 | 1.7449 | 0.3010 | 0.7738 | 0.1986 | 1.3346 | 2.1421 | 0.2260 | 0.3796 | 4.4969 | 3.9945 | 0.2935 | 0.7868 | 0.2344 | 9.9325 | 15.6526 | 0.2130 | 0.3667 | 4.4550
39 | 1.7475 | 0.3008 | 0.7741 | 0.2012 | 1.3340 | 2.1455 | 0.2257 | 0.3801 | 4.4929 | 3.9771 | 0.2929 | 0.7858 | 0.2367 | 9.7608 | 15.6306 | 0.2140 | 0.3674 | 4.4762
40 | 1.7558 | 0.3005 | 0.7743 | 0.2039 | 1.3333 | 2.2055 | 0.2255 | 0.3803 | 4.4893 | 3.9992 | 0.2916 | 0.7867 | 0.2390 | 10.0340 | 15.5652 | 0.2130 | 0.3658 | 4.4673
41 | 1.7651 | 0.3006 | 0.7746 | 0.2069 | 1.3337 | 2.2672 | 0.2252 | 0.3808 | 4.4848 | 3.9798 | 0.2923 | 0.7876 | 0.2421 | 9.7335 | 15.6446 | 0.2122 | 0.3675 | 4.4406
42 | 1.7771 | 0.3006 | 0.7750 | 0.2097 | 1.3335 | 2.3604 | 0.2248 | 0.3812 | 4.4781 | 4.0229 | 0.2937 | 0.7869 | 0.2456 | 9.8587 | 15.8998 | 0.2129 | 0.3677 | 4.4536
43 | 1.7970 | 0.3001 | 0.7753 | 0.2133 | 1.3333 | 2.5299 | 0.2245 | 0.3814 | 4.4718 | 4.0824 | 0.2920 | 0.7873 | 0.2486 | 10.0688 | 16.2664 | 0.2125 | 0.3673 | 4.4554
44 | 1.8089 | 0.3002 | 0.7758 | 0.2158 | 1.3336 | 2.6238 | 0.2241 | 0.3813 | 4.4645 | 4.1017 | 0.2922 | 0.7889 | 0.2517 | 10.1692 | 16.3279 | 0.2109 | 0.3670 | 4.4272
45 | 1.8166 | 0.3005 | 0.7760 | 0.2172 | 1.3339 | 2.6838 | 0.2238 | 0.3810 | 4.4604 | 4.0919 | 0.2923 | 0.7878 | 0.2525 | 10.0361 | 16.3515 | 0.2119 | 0.3647 | 4.4452
46 | 1.8358 | 0.3006 | 0.7761 | 0.2181 | 1.3334 | 2.8674 | 0.2237 | 0.3802 | 4.4579 | 4.1372 | 0.2939 | 0.7884 | 0.2541 | 10.1630 | 16.6486 | 0.2114 | 0.3650 | 4.4356
47 | 1.8593 | 0.3004 | 0.7763 | 0.2201 | 1.3322 | 3.0865 | 0.2235 | 0.3797 | 4.4537 | 4.0984 | 0.2916 | 0.7878 | 0.2556 | 9.8669 | 16.5656 | 0.2120 | 0.3653 | 4.4437
48 | 1.8815 | 0.2995 | 0.7765 | 0.2230 | 1.3310 | 3.2898 | 0.2233 | 0.3787 | 4.4503 | 4.1308 | 0.2923 | 0.7897 | 0.2582 | 10.0595 | 16.6595 | 0.2100 | 0.3628 | 4.4215
49 | 1.9151 | 0.2990 | 0.7766 | 0.2249 | 1.3295 | 3.6133 | 0.2232 | 0.3777 | 4.4494 | 4.1341 | 0.2916 | 0.7887 | 0.2591 | 9.7814 | 16.9762 | 0.2111 | 0.3633 | 4.4233
50 | 1.9430 | 0.2981 | 0.7769 | 0.2271 | 1.3267 | 3.8831 | 0.2229 | 0.3772 | 4.4440 | 4.1540 | 0.2905 | 0.7888 | 0.2606 | 9.8249 | 17.1226 | 0.2110 | 0.3626 | 4.4306
51 | 1.9692 | 0.2979 | 0.7771 | 0.2296 | 1.3258 | 4.1234 | 0.2228 | 0.3768 | 4.4413 | 4.1652 | 0.2890 | 0.7890 | 0.2631 | 9.9337 | 17.1132 | 0.2107 | 0.3626 | 4.4308
52 | 1.9886 | 0.2972 | 0.7772 | 0.2314 | 1.3243 | 4.3073 | 0.2226 | 0.3760 | 4.4388 | 4.1798 | 0.2899 | 0.7901 | 0.2648 | 9.7774 | 17.4013 | 0.2097 | 0.3615 | 4.3968
53 | 2.0117 | 0.2966 | 0.7774 | 0.2333 | 1.3236 | 4.5265 | 0.2224 | 0.3745 | 4.4362 | 4.2063 | 0.2880 | 0.7890 | 0.2677 | 9.8778 | 17.5487 | 0.2108 | 0.3602 | 4.4266
54 | 2.0423 | 0.2959 | 0.7775 | 0.2344 | 1.3221 | 4.8299 | 0.2224 | 0.3734 | 4.4355 | 4.2194 | 0.2867 | 0.7875 | 0.2672 | 9.8997 | 17.6662 | 0.2122 | 0.3580 | 4.4639
55 | 2.0592 | 0.2954 | 0.7775 | 0.2350 | 1.3208 | 4.9997 | 0.2224 | 0.3721 | 4.4362 | 4.2084 | 0.2868 | 0.7892 | 0.2676 | 9.7743 | 17.6865 | 0.2105 | 0.3591 | 4.4233
56 | 2.0849 | 0.2945 | 0.7776 | 0.2358 | 1.3191 | 5.2594 | 0.2222 | 0.3710 | 4.4337 | 4.2261 | 0.2867 | 0.7895 | 0.2685 | 9.6657 | 17.9657 | 0.2103 | 0.3572 | 4.4170
57 | 2.1159 | 0.2936 | 0.7777 | 0.2365 | 1.3183 | 5.5725 | 0.2221 | 0.3699 | 4.4313 | 4.2215 | 0.2845 | 0.7891 | 0.2691 | 9.6205 | 17.9807 | 0.2107 | 0.3564 | 4.4245
58 | 2.1337 | 0.2929 | 0.7778 | 0.2367 | 1.3166 | 5.7570 | 0.2221 | 0.3686 | 4.4306 | 4.2233 | 0.2841 | 0.7888 | 0.2687 | 9.7505 | 17.8722 | 0.2110 | 0.3551 | 4.4354
59 | 2.1497 | 0.2922 | 0.7777 | 0.2363 | 1.3152 | 5.9284 | 0.2221 | 0.3676 | 4.4319 | 4.2029 | 0.2838 | 0.7893 | 0.2696 | 9.4701 | 17.9525 | 0.2104 | 0.3539 | 4.4130
60 | 2.1645 | 0.2914 | 0.7778 | 0.2368 | 1.3147 | 6.0806 | 0.2221 | 0.3665 | 4.4297 | 4.2033 | 0.2835 | 0.7894 | 0.2698 | 9.6267 | 17.7927 | 0.2104 | 0.3537 | 4.4229
61 | 2.1756 | 0.2903 | 0.7779 | 0.2376 | 1.3136 | 6.1974 | 0.2219 | 0.3652 | 4.4262 | 4.1997 | 0.2817 | 0.7888 | 0.2703 | 9.4628 | 17.9378 | 0.2109 | 0.3512 | 4.4257
62 | 2.1886 | 0.2893 | 0.7779 | 0.2375 | 1.3117 | 6.3391 | 0.2219 | 0.3640 | 4.4269 | 4.2118 | 0.2807 | 0.7895 | 0.2700 | 9.5390 | 17.9970 | 0.2103 | 0.3515 | 4.4153
63 | 2.1989 | 0.2884 | 0.7780 | 0.2373 | 1.3113 | 6.4542 | 0.2219 | 0.3627 | 4.4253 | 4.1890 | 0.2795 | 0.7894 | 0.2708 | 9.3452 | 17.9658 | 0.2104 | 0.3495 | 4.4172
64 | 2.1954 | 0.2871 | 0.7780 | 0.2377 | 1.3104 | 6.4301 | 0.2218 | 0.3617 | 4.4238 | 4.1758 | 0.2788 | 0.7889 | 0.2714 | 9.2302 | 17.9529 | 0.2108 | 0.3487 | 4.4170
65 | 2.2077 | 0.2860 | 0.7780 | 0.2382 | 1.3100 | 6.5592 | 0.2218 | 0.3611 | 4.4241 | 4.1688 | 0.2767 | 0.7895 | 0.2727 | 9.3549 | 17.7618 | 0.2102 | 0.3480 | 4.4146
66 | 2.2111 | 0.2845 | 0.7782 | 0.2394 | 1.3085 | 6.5984 | 0.2216 | 0.3607 | 4.4196 | 4.1452 | 0.2752 | 0.7896 | 0.2733 | 9.2230 | 17.6693 | 0.2101 | 0.3484 | 4.4099
67 | 2.2102 | 0.2835 | 0.7783 | 0.2396 | 1.3076 | 6.5990 | 0.2215 | 0.3607 | 4.4177 | 4.1264 | 0.2746 | 0.7888 | 0.2743 | 9.1181 | 17.5817 | 0.2109 | 0.3479 | 4.4241
68 | 2.2152 | 0.2822 | 0.7784 | 0.2400 | 1.3065 | 6.6591 | 0.2214 | 0.3611 | 4.4145 | 4.1151 | 0.2739 | 0.7899 | 0.2750 | 8.9727 | 17.6190 | 0.2099 | 0.3495 | 4.3997
69 | 2.2256 | 0.2810 | 0.7784 | 0.2398 | 1.3042 | 6.7800 | 0.2214 | 0.3619 | 4.4150 | 4.1095 | 0.2712 | 0.7883 | 0.2740 | 9.0387 | 17.5264 | 0.2114 | 0.3507 | 4.4351
70 | 2.2340 | 0.2795 | 0.7784 | 0.2398 | 1.3012 | 6.8821 | 0.2215 | 0.3637 | 4.4166 | 4.0612 | 0.2715 | 0.7890 | 0.2744 | 8.8271 | 17.2560 | 0.2107 | 0.3531 | 4.4132
71 | 2.2391 | 0.2783 | 0.7784 | 0.2403 | 1.2992 | 6.9412 | 0.2214 | 0.3658 | 4.4162 | 4.0631 | 0.2691 | 0.7891 | 0.2755 | 8.8748 | 17.2365 | 0.2106 | 0.3543 | 4.4173
72 | 2.2364 | 0.2770 | 0.7785 | 0.2415 | 1.2971 | 6.9181 | 0.2213 | 0.3676 | 4.4147 | 4.0230 | 0.2688 | 0.7895 | 0.2764 | 8.7388 | 16.9721 | 0.2102 | 0.3573 | 4.3997
73 | 2.2381 | 0.2756 | 0.7787 | 0.2431 | 1.2959 | 6.9342 | 0.2211 | 0.3691 | 4.4109 | 4.0053 | 0.2676 | 0.7893 | 0.2783 | 8.6147 | 16.9104 | 0.2104 | 0.3575 | 4.4066
74 | 2.2410 | 0.2739 | 0.7789 | 0.2451 | 1.2951 | 6.9604 | 0.2209 | 0.3700 | 4.4075 | 3.9973 | 0.2653 | 0.7896 | 0.2795 | 8.6819 | 16.7763 | 0.2101 | 0.3599 | 4.3961
75 | 2.2426 | 0.2721 | 0.7790 | 0.2473 | 1.2935 | 6.9743 | 0.2208 | 0.3709 | 4.4051 | 3.9723 | 0.2638 | 0.7901 | 0.2826 | 8.5372 | 16.6614 | 0.2097 | 0.3606 | 4.3806
76 | 2.2395 | 0.2704 | 0.7793 | 0.2500 | 1.2923 | 6.9343 | 0.2206 | 0.3712 | 4.4007 | 3.9737 | 0.2609 | 0.7903 | 0.2858 | 8.6292 | 16.5714 | 0.2095 | 0.3591 | 4.3904
77 | 2.2397 | 0.2682 | 0.7796 | 0.2537 | 1.2910 | 6.9234 | 0.2202 | 0.3709 | 4.3951 | 3.9651 | 0.2590 | 0.7901 | 0.2892 | 8.5857 | 16.5167 | 0.2096 | 0.3600 | 4.3893
78 | 2.2420 | 0.2664 | 0.7798 | 0.2567 | 1.2900 | 6.9355 | 0.2200 | 0.3702 | 4.3914 | 3.9405 | 0.2577 | 0.7903 | 0.2926 | 8.4338 | 16.4064 | 0.2095 | 0.3588 | 4.3793
79 | 2.2462 | 0.2646 | 0.7801 | 0.2602 | 1.2886 | 6.9614 | 0.2197 | 0.3693 | 4.3878 | 3.9589 | 0.2553 | 0.7908 | 0.2963 | 8.5874 | 16.4196 | 0.2090 | 0.3578 | 4.3799
80 | 2.2520 | 0.2629 | 0.7803 | 0.2635 | 1.2868 | 7.0053 | 0.2195 | 0.3681 | 4.3835 | 3.9562 | 0.2537 | 0.7906 | 0.3002 | 8.5214 | 16.4357 | 0.2091 | 0.3579 | 4.3804
81 | 2.2585 | 0.2607 | 0.7806 | 0.2675 | 1.2857 | 7.0534 | 0.2192 | 0.3667 | 4.3786 | 3.9512 | 0.2518 | 0.7920 | 0.3043 | 8.3859 | 16.5016 | 0.2077 | 0.3539 | 4.3544
82 | 2.2636 | 0.2586 | 0.7809 | 0.2716 | 1.2838 | 7.0874 | 0.2189 | 0.3655 | 4.3741 | 3.9648 | 0.2487 | 0.7914 | 0.3086 | 8.5278 | 16.4817 | 0.2083 | 0.3550 | 4.3663
83 | 2.2696 | 0.2561 | 0.7812 | 0.2759 | 1.2824 | 7.1299 | 0.2186 | 0.3642 | 4.3691 | 3.9486 | 0.2477 | 0.7921 | 0.3122 | 8.3744 | 16.4512 | 0.2076 | 0.3530 | 4.3503
84 | 2.2806 | 0.2543 | 0.7815 | 0.2799 | 1.2812 | 7.2204 | 0.2183 | 0.3626 | 4.3642 | 3.9470 | 0.2464 | 0.7928 | 0.3162 | 8.3021 | 16.4844 | 0.2069 | 0.3510 | 4.3330
85 | 2.2848 | 0.2521 | 0.7818 | 0.2846 | 1.2790 | 7.2407 | 0.2180 | 0.3610 | 4.3590 | 3.9570 | 0.2435 | 0.7930 | 0.3209 | 8.4569 | 16.4069 | 0.2068 | 0.3506 | 4.3402
86 | 2.2880 | 0.2503 | 0.7820 | 0.2887 | 1.2769 | 7.2517 | 0.2178 | 0.3592 | 4.3551 | 3.9392 | 0.2420 | 0.7936 | 0.3252 | 8.2577 | 16.4027 | 0.2061 | 0.3469 | 4.3267
87 | 2.2975 | 0.2480 | 0.7824 | 0.2940 | 1.2758 | 7.3182 | 0.2174 | 0.3572 | 4.3483 | 3.9365 | 0.2403 | 0.7943 | 0.3305 | 8.1393 | 16.4651 | 0.2054 | 0.3457 | 4.3039
88 | 2.3031 | 0.2461 | 0.7827 | 0.2986 | 1.2728 | 7.3511 | 0.2171 | 0.3553 | 4.3435 | 3.9516 | 0.2376 | 0.7937 | 0.3352 | 8.2077 | 16.5207 | 0.2061 | 0.3432 | 4.3263
89 | 2.3096 | 0.2437 | 0.7831 | 0.3045 | 1.2711 | 7.3832 | 0.2167 | 0.3532 | 4.3362 | 3.9809 | 0.2353 | 0.7949 | 0.3411 | 8.3247 | 16.6594 | 0.2048 | 0.3421 | 4.3093
90 | 2.3174 | 0.2418 | 0.7835 | 0.3098 | 1.2693 | 7.4300 | 0.2163 | 0.3511 | 4.3296 | 3.9909 | 0.2344 | 0.7951 | 0.3452 | 8.2633 | 16.7936 | 0.2047 | 0.3400 | 4.2993
91 | 2.3264 | 0.2402 | 0.7838 | 0.3141 | 1.2671 | 7.4957 | 0.2160 | 0.3490 | 4.3242 | 4.0180 | 0.2323 | 0.7953 | 0.3505 | 8.3504 | 16.9426 | 0.2044 | 0.3383 | 4.2999
92 | 2.3368 | 0.2379 | 0.7843 | 0.3199 | 1.2647 | 7.5676 | 0.2155 | 0.3468 | 4.3162 | 4.0437 | 0.2299 | 0.7957 | 0.3564 | 8.3606 | 17.1564 | 0.2040 | 0.3355 | 4.2913
93 | 2.3459 | 0.2357 | 0.7847 | 0.3258 | 1.2628 | 7.6253 | 0.2151 | 0.3448 | 4.3080 | 4.0678 | 0.2278 | 0.7963 | 0.3619 | 8.4178 | 17.3058 | 0.2035 | 0.3336 | 4.2855
94 | 2.3549 | 0.2338 | 0.7852 | 0.3312 | 1.2608 | 7.6831 | 0.2146 | 0.3428 | 4.2991 | 4.0941 | 0.2258 | 0.7969 | 0.3679 | 8.4657 | 17.4806 | 0.2028 | 0.3318 | 4.2737
95 | 2.3653 | 0.2316 | 0.7857 | 0.3375 | 1.2583 | 7.7498 | 0.2141 | 0.3409 | 4.2888 | 4.1258 | 0.2239 | 0.7975 | 0.3740 | 8.5453 | 17.6779 | 0.2023 | 0.3304 | 4.2632
96 | 2.3757 | 0.2297 | 0.7862 | 0.3432 | 1.2562 | 7.8200 | 0.2136 | 0.3393 | 4.2786 | 4.1406 | 0.2222 | 0.7982 | 0.3799 | 8.4842 | 17.8469 | 0.2015 | 0.3284 | 4.2476
97 | 2.3873 | 0.2280 | 0.7868 | 0.3486 | 1.2537 | 7.9028 | 0.2130 | 0.3379 | 4.2679 | 4.1648 | 0.2206 | 0.7985 | 0.3850 | 8.5142 | 18.0252 | 0.2012 | 0.3268 | 4.2437
98 | 2.3981 | 0.2266 | 0.7872 | 0.3531 | 1.2518 | 7.9830 | 0.2126 | 0.3368 | 4.2587 | 4.1860 | 0.2197 | 0.7991 | 0.3893 | 8.5147 | 18.2032 | 0.2006 | 0.3261 | 4.2308
99 | 2.4087 | 0.2256 | 0.7876 | 0.3567 | 1.2508 | 8.0653 | 0.2122 | 0.3360 | 4.2514 | 4.2015 | 0.2189 | 0.7995 | 0.3926 | 8.5345 | 18.3153 | 0.2002 | 0.3255 | 4.2239
100 | 2.4150 | 0.2249 | 0.7878 | 0.3591 | 1.2507 | 8.1122 | 0.2120 | 0.3357 | 4.2471 | 4.2022 | 0.2185 | 0.7996 | 0.3942 | 8.5058 | 18.3386 | 0.2001 | 0.3252 | 4.2208
epoch | loss | sim_loss | var_pred | var_target | cov_pred | cov_target | feat_std | feat_std_ctx | feat_norm | val_loss | val_sim_loss | val_var_pred | val_var_target | val_cov_pred | val_cov_target | val_feat_std | val_feat_std_ctx | val_feat_norm
1 | 4.9005 | 0.3878 | 0.8139 | 0.1738 | 1.4118 | 33.0456 | 0.1859 | 0.8769 | 3.8071 | 5.7706 | 0.3552 | 0.8623 | 0.1467 | 17.2369 | 26.4393 | 0.1374 | 0.9292 | 2.9236
2 | 1.9504 | 0.3622 | 0.7908 | 0.0545 | 1.2818 | 5.1590 | 0.2090 | 0.9882 | 4.1329 | 4.4575 | 0.3390 | 0.8184 | 0.1329 | 10.9573 | 19.9372 | 0.1813 | 0.9308 | 3.7403
3 | 1.7783 | 0.3463 | 0.7817 | 0.0536 | 1.2992 | 3.5628 | 0.2181 | 0.9492 | 4.3081 | 3.9899 | 0.3290 | 0.7987 | 0.1174 | 9.4921 | 16.9612 | 0.2011 | 0.8834 | 4.1108
4 | 1.6999 | 0.3371 | 0.7765 | 0.0494 | 1.3085 | 2.8884 | 0.2233 | 0.8796 | 4.4010 | 3.8114 | 0.3239 | 0.7896 | 0.1106 | 8.8890 | 15.8823 | 0.2102 | 0.8081 | 4.2747
5 | 1.6601 | 0.3307 | 0.7728 | 0.0472 | 1.3168 | 2.5550 | 0.2271 | 0.7904 | 4.4687 | 3.7775 | 0.3187 | 0.7816 | 0.1066 | 8.7948 | 15.7086 | 0.2183 | 0.7156 | 4.4314
6 | 1.6362 | 0.3257 | 0.7698 | 0.0464 | 1.3248 | 2.3577 | 0.2301 | 0.6892 | 4.5215 | 3.7651 | 0.3163 | 0.7778 | 0.1050 | 8.9411 | 15.4647 | 0.2220 | 0.6171 | 4.5033
7 | 1.6262 | 0.3228 | 0.7683 | 0.0489 | 1.3318 | 2.2480 | 0.2315 | 0.5887 | 4.5477 | 3.8172 | 0.3136 | 0.7769 | 0.1096 | 9.2059 | 15.6966 | 0.2229 | 0.5213 | 4.5267
8 | 1.6206 | 0.3211 | 0.7679 | 0.0533 | 1.3391 | 2.1559 | 0.2320 | 0.5007 | 4.5583 | 3.8077 | 0.3126 | 0.7765 | 0.1114 | 9.1163 | 15.6807 | 0.2234 | 0.4463 | 4.5328
9 | 1.6231 | 0.3207 | 0.7679 | 0.0587 | 1.3470 | 2.1210 | 0.2319 | 0.4325 | 4.5595 | 3.8043 | 0.3121 | 0.7755 | 0.1142 | 9.1504 | 15.5871 | 0.2243 | 0.3912 | 4.5524
10 | 1.6222 | 0.3199 | 0.7679 | 0.0635 | 1.3526 | 2.0652 | 0.2319 | 0.3830 | 4.5628 | 3.8468 | 0.3110 | 0.7754 | 0.1174 | 9.4643 | 15.6707 | 0.2245 | 0.3515 | 4.5620
11 | 1.6209 | 0.3191 | 0.7677 | 0.0676 | 1.3547 | 2.0149 | 0.2321 | 0.3498 | 4.5696 | 3.8376 | 0.3104 | 0.7753 | 0.1199 | 9.5639 | 15.4595 | 0.2246 | 0.3263 | 4.5700
12 | 1.6216 | 0.3183 | 0.7677 | 0.0723 | 1.3542 | 1.9805 | 0.2322 | 0.3301 | 4.5754 | 3.7986 | 0.3100 | 0.7758 | 0.1243 | 9.4863 | 15.1042 | 0.2241 | 0.3125 | 4.5699
13 | 1.6273 | 0.3176 | 0.7678 | 0.0777 | 1.3536 | 1.9873 | 0.2321 | 0.3203 | 4.5793 | 3.8288 | 0.3091 | 0.7763 | 0.1296 | 9.4556 | 15.3943 | 0.2236 | 0.3060 | 4.5599
14 | 1.6360 | 0.3167 | 0.7677 | 0.0842 | 1.3524 | 2.0163 | 0.2321 | 0.3168 | 4.5860 | 3.8787 | 0.3085 | 0.7763 | 0.1394 | 9.3869 | 15.8591 | 0.2235 | 0.3042 | 4.5738
15 | 1.6470 | 0.3163 | 0.7678 | 0.0912 | 1.3522 | 2.0579 | 0.2320 | 0.3187 | 4.5895 | 3.9558 | 0.3097 | 0.7774 | 0.1458 | 9.5440 | 16.3991 | 0.2224 | 0.3085 | 4.5543
16 | 1.6557 | 0.3165 | 0.7681 | 0.0979 | 1.3523 | 2.0736 | 0.2317 | 0.3237 | 4.5879 | 3.9755 | 0.3084 | 0.7763 | 0.1506 | 9.7731 | 16.3201 | 0.2235 | 0.3135 | 4.5883
17 | 1.6611 | 0.3166 | 0.7684 | 0.1039 | 1.3529 | 2.0653 | 0.2314 | 0.3295 | 4.5859 | 3.9668 | 0.3086 | 0.7780 | 0.1565 | 9.7102 | 16.2368 | 0.2218 | 0.3187 | 4.5639
18 | 1.6647 | 0.3165 | 0.7685 | 0.1080 | 1.3520 | 2.0613 | 0.2313 | 0.3350 | 4.5860 | 4.0176 | 0.3076 | 0.7781 | 0.1595 | 10.0657 | 16.3644 | 0.2217 | 0.3234 | 4.5678
19 | 1.6672 | 0.3162 | 0.7685 | 0.1112 | 1.3533 | 2.0556 | 0.2314 | 0.3406 | 4.5879 | 4.0061 | 0.3078 | 0.7758 | 0.1602 | 9.9385 | 16.3593 | 0.2241 | 0.3287 | 4.6167
20 | 1.6696 | 0.3162 | 0.7686 | 0.1138 | 1.3540 | 2.0518 | 0.2313 | 0.3456 | 4.5873 | 4.0536 | 0.3082 | 0.7767 | 0.1626 | 10.0368 | 16.7100 | 0.2232 | 0.3325 | 4.5980
21 | 1.6695 | 0.3160 | 0.7684 | 0.1145 | 1.3541 | 2.0463 | 0.2314 | 0.3499 | 4.5890 | 4.0759 | 0.3081 | 0.7786 | 0.1641 | 10.3525 | 16.6167 | 0.2212 | 0.3371 | 4.5514
22 | 1.6718 | 0.3156 | 0.7685 | 0.1173 | 1.3540 | 2.0464 | 0.2314 | 0.3535 | 4.5889 | 4.0257 | 0.3079 | 0.7770 | 0.1646 | 10.0463 | 16.4156 | 0.2228 | 0.3408 | 4.5802
23 | 1.6710 | 0.3151 | 0.7685 | 0.1194 | 1.3540 | 2.0235 | 0.2314 | 0.3565 | 4.5881 | 3.9945 | 0.3068 | 0.7774 | 0.1668 | 10.0286 | 16.1127 | 0.2224 | 0.3438 | 4.5722
24 | 1.6719 | 0.3149 | 0.7686 | 0.1217 | 1.3544 | 2.0108 | 0.2312 | 0.3591 | 4.5853 | 3.9666 | 0.3074 | 0.7778 | 0.1683 | 9.7596 | 16.0853 | 0.2221 | 0.3457 | 4.5598
25 | 1.6713 | 0.3144 | 0.7687 | 0.1237 | 1.3538 | 1.9917 | 0.2312 | 0.3612 | 4.5846 | 3.9643 | 0.3086 | 0.7805 | 0.1705 | 9.7491 | 16.0470 | 0.2193 | 0.3476 | 4.5091
26 | 1.6733 | 0.3138 | 0.7688 | 0.1271 | 1.3526 | 1.9841 | 0.2311 | 0.3629 | 4.5841 | 3.9779 | 0.3058 | 0.7780 | 0.1725 | 10.0138 | 15.9144 | 0.2218 | 0.3489 | 4.5634
27 | 1.6771 | 0.3135 | 0.7690 | 0.1309 | 1.3515 | 1.9885 | 0.2309 | 0.3645 | 4.5808 | 3.9302 | 0.3059 | 0.7796 | 0.1740 | 9.8149 | 15.6269 | 0.2202 | 0.3505 | 4.5291
28 | 1.6803 | 0.3129 | 0.7691 | 0.1347 | 1.3512 | 1.9894 | 0.2307 | 0.3661 | 4.5782 | 3.9097 | 0.3042 | 0.7782 | 0.1788 | 9.7701 | 15.4358 | 0.2216 | 0.3522 | 4.5539
29 | 1.6844 | 0.3123 | 0.7693 | 0.1387 | 1.3510 | 1.9968 | 0.2305 | 0.3677 | 4.5763 | 3.8813 | 0.3050 | 0.7799 | 0.1803 | 9.6937 | 15.2097 | 0.2199 | 0.3537 | 4.5240
30 | 1.6836 | 0.3119 | 0.7693 | 0.1405 | 1.3497 | 1.9776 | 0.2305 | 0.3692 | 4.5761 | 3.8726 | 0.3050 | 0.7782 | 0.1824 | 9.6050 | 15.1820 | 0.2216 | 0.3553 | 4.5582
31 | 1.6895 | 0.3111 | 0.7696 | 0.1444 | 1.3479 | 2.0063 | 0.2303 | 0.3698 | 4.5728 | 3.9323 | 0.3023 | 0.7796 | 0.1864 | 10.1859 | 15.1809 | 0.2203 | 0.3553 | 4.5463
32 | 1.6932 | 0.3104 | 0.7698 | 0.1480 | 1.3467 | 2.0163 | 0.2300 | 0.3702 | 4.5701 | 3.8745 | 0.3022 | 0.7791 | 0.1887 | 9.8146 | 14.9566 | 0.2207 | 0.3561 | 4.5486
33 | 1.6951 | 0.3098 | 0.7700 | 0.1513 | 1.3460 | 2.0091 | 0.2299 | 0.3704 | 4.5675 | 3.8650 | 0.3024 | 0.7802 | 0.1920 | 9.7186 | 14.9278 | 0.2196 | 0.3554 | 4.5242
34 | 1.6999 | 0.3091 | 0.7704 | 0.1550 | 1.3454 | 2.0280 | 0.2295 | 0.3705 | 4.5613 | 3.9034 | 0.3000 | 0.7785 | 0.1962 | 9.8477 | 15.1519 | 0.2213 | 0.3559 | 4.5684
35 | 1.7020 | 0.3084 | 0.7706 | 0.1582 | 1.3439 | 2.0253 | 0.2292 | 0.3711 | 4.5574 | 3.9194 | 0.3009 | 0.7782 | 0.1994 | 9.8997 | 15.2190 | 0.2216 | 0.3558 | 4.5722
36 | 1.7062 | 0.3076 | 0.7708 | 0.1621 | 1.3431 | 2.0381 | 0.2290 | 0.3708 | 4.5551 | 3.9132 | 0.2997 | 0.7807 | 0.2037 | 9.7919 | 15.2434 | 0.2191 | 0.3556 | 4.5238
37 | 1.7117 | 0.3071 | 0.7711 | 0.1659 | 1.3420 | 2.0618 | 0.2287 | 0.3703 | 4.5510 | 3.9350 | 0.2983 | 0.7804 | 0.2057 | 9.8542 | 15.3911 | 0.2194 | 0.3558 | 4.5295
38 | 1.7163 | 0.3065 | 0.7713 | 0.1693 | 1.3414 | 2.0805 | 0.2286 | 0.3701 | 4.5494 | 3.9037 | 0.2988 | 0.7810 | 0.2092 | 9.6511 | 15.2454 | 0.2188 | 0.3563 | 4.5155
39 | 1.7210 | 0.3060 | 0.7716 | 0.1728 | 1.3397 | 2.0989 | 0.2283 | 0.3700 | 4.5441 | 3.9370 | 0.2981 | 0.7787 | 0.2120 | 9.8221 | 15.3734 | 0.2211 | 0.3555 | 4.5699
40 | 1.7256 | 0.3057 | 0.7718 | 0.1757 | 1.3393 | 2.1200 | 0.2280 | 0.3699 | 4.5403 | 3.9133 | 0.2985 | 0.7816 | 0.2145 | 9.6371 | 15.3066 | 0.2182 | 0.3549 | 4.5060
41 | 1.7330 | 0.3052 | 0.7720 | 0.1780 | 1.3384 | 2.1774 | 0.2278 | 0.3694 | 4.5382 | 3.9209 | 0.2985 | 0.7811 | 0.2167 | 9.6833 | 15.3061 | 0.2187 | 0.3545 | 4.5258
42 | 1.7345 | 0.3049 | 0.7721 | 0.1797 | 1.3385 | 2.1775 | 0.2277 | 0.3694 | 4.5371 | 3.8995 | 0.2979 | 0.7826 | 0.2187 | 9.4837 | 15.2888 | 0.2172 | 0.3544 | 4.4885
43 | 1.7383 | 0.3043 | 0.7723 | 0.1822 | 1.3367 | 2.1979 | 0.2275 | 0.3688 | 4.5337 | 3.9022 | 0.2967 | 0.7815 | 0.2202 | 9.5274 | 15.2621 | 0.2183 | 0.3545 | 4.5147
44 | 1.7438 | 0.3042 | 0.7725 | 0.1836 | 1.3367 | 2.2396 | 0.2274 | 0.3686 | 4.5318 | 3.8912 | 0.2966 | 0.7818 | 0.2216 | 9.4021 | 15.2672 | 0.2180 | 0.3540 | 4.5074
45 | 1.7477 | 0.3037 | 0.7725 | 0.1859 | 1.3353 | 2.2639 | 0.2273 | 0.3683 | 4.5309 | 3.9114 | 0.2960 | 0.7818 | 0.2229 | 9.5613 | 15.3035 | 0.2180 | 0.3534 | 4.5069
46 | 1.7537 | 0.3031 | 0.7729 | 0.1879 | 1.3353 | 2.3102 | 0.2269 | 0.3676 | 4.5256 | 3.8939 | 0.2949 | 0.7815 | 0.2255 | 9.5639 | 15.1038 | 0.2183 | 0.3526 | 4.5221
47 | 1.7526 | 0.3027 | 0.7731 | 0.1894 | 1.3348 | 2.2900 | 0.2267 | 0.3670 | 4.5224 | 3.9174 | 0.2950 | 0.7831 | 0.2271 | 9.6463 | 15.2480 | 0.2167 | 0.3519 | 4.4896
48 | 1.7548 | 0.3023 | 0.7733 | 0.1903 | 1.3350 | 2.3060 | 0.2265 | 0.3662 | 4.5202 | 3.9396 | 0.2940 | 0.7822 | 0.2284 | 9.7549 | 15.3514 | 0.2176 | 0.3507 | 4.5120
49 | 1.7572 | 0.3016 | 0.7734 | 0.1916 | 1.3339 | 2.3254 | 0.2264 | 0.3649 | 4.5187 | 3.8859 | 0.2937 | 0.7842 | 0.2305 | 9.5144 | 15.0427 | 0.2156 | 0.3497 | 4.4742
50 | 1.7652 | 0.3010 | 0.7737 | 0.1931 | 1.3334 | 2.3968 | 0.2261 | 0.3638 | 4.5153 | 3.8574 | 0.2934 | 0.7836 | 0.2323 | 9.3657 | 14.8902 | 0.2162 | 0.3484 | 4.4862
51 | 1.7654 | 0.3004 | 0.7739 | 0.1939 | 1.3323 | 2.3984 | 0.2259 | 0.3625 | 4.5123 | 3.8680 | 0.2945 | 0.7835 | 0.2319 | 9.5251 | 14.8333 | 0.2163 | 0.3477 | 4.4837
52 | 1.7682 | 0.2998 | 0.7742 | 0.1952 | 1.3322 | 2.4204 | 0.2257 | 0.3614 | 4.5068 | 3.8679 | 0.2924 | 0.7827 | 0.2345 | 9.5119 | 14.8379 | 0.2171 | 0.3467 | 4.4978
53 | 1.7669 | 0.2990 | 0.7742 | 0.1962 | 1.3305 | 2.4082 | 0.2256 | 0.3603 | 4.5056 | 3.8759 | 0.2916 | 0.7839 | 0.2351 | 9.5243 | 14.9041 | 0.2159 | 0.3451 | 4.4856
54 | 1.7672 | 0.2984 | 0.7743 | 0.1970 | 1.3296 | 2.4094 | 0.2256 | 0.3593 | 4.5044 | 3.9096 | 0.2898 | 0.7842 | 0.2367 | 9.9352 | 14.8231 | 0.2156 | 0.3433 | 4.4958
55 | 1.7632 | 0.2972 | 0.7744 | 0.1989 | 1.3281 | 2.3654 | 0.2255 | 0.3584 | 4.5023 | 3.8747 | 0.2890 | 0.7840 | 0.2381 | 9.6440 | 14.7708 | 0.2158 | 0.3439 | 4.4797
56 | 1.7639 | 0.2966 | 0.7744 | 0.1996 | 1.3266 | 2.3739 | 0.2254 | 0.3579 | 4.5006 | 3.8535 | 0.2884 | 0.7838 | 0.2385 | 9.6190 | 14.5805 | 0.2159 | 0.3438 | 4.4900
57 | 1.7681 | 0.2956 | 0.7745 | 0.2017 | 1.3249 | 2.4068 | 0.2253 | 0.3572 | 4.4978 | 3.8637 | 0.2875 | 0.7841 | 0.2401 | 9.6631 | 14.6304 | 0.2157 | 0.3429 | 4.4890
58 | 1.7730 | 0.2951 | 0.7746 | 0.2031 | 1.3241 | 2.4482 | 0.2252 | 0.3564 | 4.4959 | 3.8993 | 0.2873 | 0.7848 | 0.2425 | 9.8972 | 14.7307 | 0.2150 | 0.3420 | 4.4795
59 | 1.7752 | 0.2942 | 0.7747 | 0.2045 | 1.3225 | 2.4658 | 0.2251 | 0.3558 | 4.4949 | 3.8556 | 0.2858 | 0.7839 | 0.2429 | 9.6251 | 14.5743 | 0.2159 | 0.3410 | 4.4948
60 | 1.7760 | 0.2933 | 0.7747 | 0.2055 | 1.3214 | 2.4745 | 0.2251 | 0.3551 | 4.4943 | 3.8412 | 0.2842 | 0.7847 | 0.2445 | 9.6845 | 14.3735 | 0.2151 | 0.3417 | 4.4808
61 | 1.7779 | 0.2923 | 0.7748 | 0.2067 | 1.3200 | 2.4942 | 0.2250 | 0.3547 | 4.4924 | 3.8392 | 0.2843 | 0.7846 | 0.2449 | 9.5811 | 14.4573 | 0.2152 | 0.3410 | 4.4752
62 | 1.7802 | 0.2915 | 0.7749 | 0.2079 | 1.3183 | 2.5145 | 0.2250 | 0.3546 | 4.4918 | 3.8580 | 0.2833 | 0.7848 | 0.2453 | 9.6990 | 14.5281 | 0.2150 | 0.3406 | 4.4789
63 | 1.7764 | 0.2906 | 0.7750 | 0.2088 | 1.3174 | 2.4777 | 0.2249 | 0.3545 | 4.4903 | 3.8402 | 0.2818 | 0.7841 | 0.2467 | 9.7208 | 14.3275 | 0.2157 | 0.3409 | 4.4933
64 | 1.7733 | 0.2898 | 0.7751 | 0.2097 | 1.3157 | 2.4479 | 0.2248 | 0.3544 | 4.4885 | 3.7980 | 0.2811 | 0.7843 | 0.2478 | 9.4811 | 14.1473 | 0.2155 | 0.3415 | 4.4815
65 | 1.7730 | 0.2888 | 0.7752 | 0.2108 | 1.3145 | 2.4451 | 0.2247 | 0.3546 | 4.4868 | 3.7895 | 0.2806 | 0.7842 | 0.2481 | 9.5991 | 13.9476 | 0.2156 | 0.3423 | 4.4809
66 | 1.7720 | 0.2877 | 0.7753 | 0.2121 | 1.3138 | 2.4343 | 0.2245 | 0.3549 | 4.4834 | 3.7546 | 0.2794 | 0.7847 | 0.2502 | 9.3605 | 13.8231 | 0.2150 | 0.3415 | 4.4779
67 | 1.7701 | 0.2867 | 0.7754 | 0.2131 | 1.3120 | 2.4177 | 0.2244 | 0.3554 | 4.4813 | 3.7711 | 0.2781 | 0.7846 | 0.2504 | 9.5717 | 13.7919 | 0.2152 | 0.3434 | 4.4763
68 | 1.7717 | 0.2857 | 0.7755 | 0.2141 | 1.3108 | 2.4344 | 0.2243 | 0.3562 | 4.4797 | 3.7630 | 0.2781 | 0.7847 | 0.2521 | 9.4552 | 13.8095 | 0.2151 | 0.3438 | 4.4757
69 | 1.7767 | 0.2848 | 0.7757 | 0.2154 | 1.3103 | 2.4817 | 0.2241 | 0.3567 | 4.4765 | 3.7731 | 0.2771 | 0.7845 | 0.2521 | 9.4938 | 13.8790 | 0.2152 | 0.3454 | 4.4808
70 | 1.7819 | 0.2843 | 0.7758 | 0.2160 | 1.3085 | 2.5347 | 0.2241 | 0.3573 | 4.4752 | 3.7602 | 0.2762 | 0.7848 | 0.2529 | 9.4139 | 13.8351 | 0.2150 | 0.3463 | 4.4714
71 | 1.7928 | 0.2836 | 0.7759 | 0.2171 | 1.3075 | 2.6409 | 0.2239 | 0.3579 | 4.4727 | 3.7475 | 0.2763 | 0.7853 | 0.2540 | 9.2620 | 13.8504 | 0.2145 | 0.3460 | 4.4622
72 | 1.8013 | 0.2828 | 0.7760 | 0.2178 | 1.3065 | 2.7287 | 0.2238 | 0.3579 | 4.4708 | 3.7666 | 0.2753 | 0.7848 | 0.2546 | 9.2846 | 14.0226 | 0.2150 | 0.3459 | 4.4678
73 | 1.8109 | 0.2821 | 0.7762 | 0.2183 | 1.3063 | 2.8265 | 0.2236 | 0.3576 | 4.4678 | 3.7652 | 0.2742 | 0.7853 | 0.2553 | 9.2475 | 14.0492 | 0.2145 | 0.3457 | 4.4623
74 | 1.8170 | 0.2814 | 0.7763 | 0.2187 | 1.3055 | 2.8909 | 0.2235 | 0.3575 | 4.4663 | 3.7775 | 0.2744 | 0.7857 | 0.2555 | 9.2529 | 14.1617 | 0.2141 | 0.3448 | 4.4591
75 | 1.8243 | 0.2806 | 0.7764 | 0.2195 | 1.3048 | 2.9660 | 0.2235 | 0.3574 | 4.4655 | 3.8031 | 0.2737 | 0.7856 | 0.2563 | 9.3344 | 14.3368 | 0.2142 | 0.3455 | 4.4561
76 | 1.8322 | 0.2798 | 0.7765 | 0.2202 | 1.3041 | 3.0457 | 0.2234 | 0.3575 | 4.4634 | 3.8004 | 0.2720 | 0.7851 | 0.2574 | 9.2639 | 14.3869 | 0.2147 | 0.3454 | 4.4651
77 | 1.8371 | 0.2792 | 0.7765 | 0.2207 | 1.3031 | 3.0963 | 0.2234 | 0.3577 | 4.4637 | 3.7998 | 0.2718 | 0.7853 | 0.2571 | 9.4057 | 14.2451 | 0.2145 | 0.3460 | 4.4587
78 | 1.8472 | 0.2786 | 0.7765 | 0.2210 | 1.3020 | 3.2015 | 0.2234 | 0.3578 | 4.4641 | 3.8224 | 0.2711 | 0.7858 | 0.2573 | 9.3836 | 14.4940 | 0.2140 | 0.3452 | 4.4573
79 | 1.8642 | 0.2782 | 0.7764 | 0.2211 | 1.3003 | 3.3762 | 0.2234 | 0.3579 | 4.4650 | 3.8340 | 0.2700 | 0.7852 | 0.2574 | 9.4173 | 14.5884 | 0.2146 | 0.3467 | 4.4649
80 | 1.8761 | 0.2777 | 0.7764 | 0.2210 | 1.2990 | 3.5014 | 0.2235 | 0.3579 | 4.4667 | 3.8358 | 0.2701 | 0.7853 | 0.2578 | 9.3521 | 14.6641 | 0.2145 | 0.3463 | 4.4660
81 | 1.8911 | 0.2770 | 0.7764 | 0.2215 | 1.2971 | 3.6553 | 0.2234 | 0.3578 | 4.4667 | 3.8462 | 0.2699 | 0.7857 | 0.2579 | 9.3770 | 14.7493 | 0.2141 | 0.3462 | 4.4524
82 | 1.9030 | 0.2765 | 0.7763 | 0.2216 | 1.2962 | 3.7780 | 0.2235 | 0.3576 | 4.4685 | 3.8695 | 0.2686 | 0.7856 | 0.2594 | 9.4319 | 14.9162 | 0.2142 | 0.3449 | 4.4672
83 | 1.9194 | 0.2757 | 0.7764 | 0.2228 | 1.2946 | 3.9409 | 0.2234 | 0.3570 | 4.4666 | 3.8692 | 0.2685 | 0.7862 | 0.2596 | 9.3893 | 14.9572 | 0.2136 | 0.3460 | 4.4553
84 | 1.9324 | 0.2754 | 0.7764 | 0.2229 | 1.2933 | 4.0730 | 0.2234 | 0.3565 | 4.4670 | 3.8933 | 0.2686 | 0.7857 | 0.2601 | 9.4662 | 15.1215 | 0.2141 | 0.3446 | 4.4544
85 | 1.9464 | 0.2748 | 0.7765 | 0.2236 | 1.2911 | 4.2134 | 0.2234 | 0.3556 | 4.4673 | 3.9039 | 0.2673 | 0.7855 | 0.2617 | 9.3900 | 15.2949 | 0.2143 | 0.3441 | 4.4649
86 | 1.9655 | 0.2738 | 0.7765 | 0.2250 | 1.2892 | 4.4024 | 0.2233 | 0.3547 | 4.4667 | 3.9347 | 0.2665 | 0.7863 | 0.2631 | 9.4889 | 15.5028 | 0.2135 | 0.3433 | 4.4459
87 | 1.9757 | 0.2728 | 0.7767 | 0.2268 | 1.2874 | 4.4993 | 0.2231 | 0.3535 | 4.4638 | 3.9351 | 0.2655 | 0.7862 | 0.2649 | 9.4282 | 15.5590 | 0.2136 | 0.3428 | 4.4483
88 | 1.9887 | 0.2719 | 0.7768 | 0.2284 | 1.2859 | 4.6240 | 0.2230 | 0.3522 | 4.4609 | 3.9623 | 0.2647 | 0.7865 | 0.2669 | 9.5084 | 15.7412 | 0.2132 | 0.3408 | 4.4389
89 | 2.0059 | 0.2706 | 0.7770 | 0.2309 | 1.2841 | 4.7866 | 0.2228 | 0.3507 | 4.4575 | 3.9782 | 0.2632 | 0.7872 | 0.2699 | 9.4875 | 15.9052 | 0.2125 | 0.3390 | 4.4309
90 | 2.0227 | 0.2694 | 0.7773 | 0.2332 | 1.2815 | 4.9467 | 0.2226 | 0.3491 | 4.4530 | 3.9929 | 0.2624 | 0.7870 | 0.2723 | 9.4395 | 16.0871 | 0.2128 | 0.3376 | 4.4298
91 | 2.0366 | 0.2684 | 0.7775 | 0.2354 | 1.2798 | 5.0769 | 0.2223 | 0.3474 | 4.4489 | 4.0269 | 0.2608 | 0.7873 | 0.2748 | 9.5798 | 16.2744 | 0.2125 | 0.3357 | 4.4311
92 | 2.0540 | 0.2672 | 0.7777 | 0.2380 | 1.2783 | 5.2382 | 0.2221 | 0.3456 | 4.4438 | 4.0622 | 0.2593 | 0.7874 | 0.2778 | 9.6769 | 16.5119 | 0.2124 | 0.3342 | 4.4356
93 | 2.0718 | 0.2659 | 0.7781 | 0.2411 | 1.2763 | 5.4012 | 0.2217 | 0.3437 | 4.4372 | 4.0756 | 0.2584 | 0.7881 | 0.2815 | 9.5933 | 16.7058 | 0.2117 | 0.3321 | 4.4174
94 | 2.0848 | 0.2649 | 0.7784 | 0.2439 | 1.2741 | 5.5175 | 0.2214 | 0.3419 | 4.4304 | 4.0965 | 0.2577 | 0.7884 | 0.2841 | 9.6431 | 16.8479 | 0.2114 | 0.3305 | 4.4100
95 | 2.0989 | 0.2637 | 0.7787 | 0.2471 | 1.2721 | 5.6420 | 0.2211 | 0.3402 | 4.4235 | 4.1140 | 0.2565 | 0.7888 | 0.2878 | 9.6431 | 17.0005 | 0.2110 | 0.3289 | 4.4012
96 | 2.1131 | 0.2625 | 0.7791 | 0.2504 | 1.2704 | 5.7656 | 0.2207 | 0.3386 | 4.4156 | 4.1332 | 0.2553 | 0.7892 | 0.2910 | 9.7041 | 17.1103 | 0.2105 | 0.3273 | 4.3959
97 | 2.1235 | 0.2616 | 0.7795 | 0.2534 | 1.2685 | 5.8522 | 0.2203 | 0.3373 | 4.4076 | 4.1500 | 0.2547 | 0.7898 | 0.2942 | 9.7189 | 17.2412 | 0.2099 | 0.3260 | 4.3819
98 | 2.1328 | 0.2608 | 0.7798 | 0.2560 | 1.2671 | 5.9308 | 0.2200 | 0.3363 | 4.4005 | 4.1540 | 0.2539 | 0.7903 | 0.2970 | 9.6544 | 17.3271 | 0.2095 | 0.3249 | 4.3724
99 | 2.1410 | 0.2601 | 0.7801 | 0.2582 | 1.2661 | 5.9991 | 0.2197 | 0.3357 | 4.3947 | 4.1622 | 0.2535 | 0.7905 | 0.2988 | 9.6828 | 17.3668 | 0.2093 | 0.3246 | 4.3691
100 | 2.1467 | 0.2598 | 0.7803 | 0.2595 | 1.2662 | 6.0468 | 0.2196 | 0.3354 | 4.3913 | 4.1652 | 0.2534 | 0.7906 | 0.2995 | 9.6819 | 17.3920 | 0.2092 | 0.3245 | 4.3662
epoch | loss | sim_loss | var_pred | var_target | cov_pred | cov_target | feat_std | feat_std_ctx | feat_norm | val_loss | val_sim_loss | val_var_pred | val_var_target | val_cov_pred | val_cov_target | val_feat_std | val_feat_std_ctx | val_feat_norm
1 | 4.7529 | 0.3883 | 0.8142 | 0.1709 | 1.3928 | 31.6112 | 0.1856 | 0.8745 | 3.8040 | 7.1466 | 0.3552 | 0.8716 | 0.1614 | 23.4955 | 33.7540 | 0.1281 | 0.9072 | 2.7898
2 | 1.9961 | 0.3663 | 0.7924 | 0.0544 | 1.2834 | 5.5778 | 0.2074 | 0.9754 | 4.1036 | 5.1392 | 0.3423 | 0.8312 | 0.1335 | 14.2662 | 23.3982 | 0.1685 | 0.9198 | 3.4994
3 | 1.8158 | 0.3502 | 0.7832 | 0.0570 | 1.2965 | 3.8685 | 0.2166 | 0.9373 | 4.2859 | 4.1873 | 0.3304 | 0.8068 | 0.1125 | 11.0126 | 17.4604 | 0.1930 | 0.8823 | 3.9508
4 | 1.7172 | 0.3385 | 0.7765 | 0.0515 | 1.3042 | 3.0282 | 0.2234 | 0.8725 | 4.4085 | 3.9064 | 0.3224 | 0.7919 | 0.1029 | 9.8725 | 15.9457 | 0.2079 | 0.8098 | 4.2193
5 | 1.6667 | 0.3318 | 0.7724 | 0.0485 | 1.3140 | 2.5972 | 0.2274 | 0.7836 | 4.4798 | 3.7768 | 0.3181 | 0.7840 | 0.1004 | 9.5017 | 15.0689 | 0.2158 | 0.7150 | 4.3711
6 | 1.6428 | 0.3279 | 0.7702 | 0.0513 | 1.3218 | 2.3514 | 0.2296 | 0.6826 | 4.5219 | 3.6784 | 0.3159 | 0.7786 | 0.1023 | 9.1461 | 14.4270 | 0.2212 | 0.6152 | 4.4782
7 | 1.6327 | 0.3255 | 0.7693 | 0.0585 | 1.3272 | 2.1894 | 0.2305 | 0.5822 | 4.5443 | 3.6375 | 0.3152 | 0.7770 | 0.1078 | 9.0683 | 14.0394 | 0.2228 | 0.5215 | 4.5151
8 | 1.6302 | 0.3243 | 0.7694 | 0.0681 | 1.3314 | 2.0714 | 0.2304 | 0.4932 | 4.5481 | 3.5637 | 0.3147 | 0.7764 | 0.1129 | 8.8203 | 13.4994 | 0.2234 | 0.4423 | 4.5380
9 | 1.6309 | 0.3238 | 0.7699 | 0.0759 | 1.3367 | 2.0004 | 0.2299 | 0.4214 | 4.5422 | 3.5879 | 0.3160 | 0.7771 | 0.1195 | 8.8154 | 13.6700 | 0.2227 | 0.3821 | 4.5225
10 | 1.6328 | 0.3232 | 0.7704 | 0.0825 | 1.3422 | 1.9532 | 0.2295 | 0.3699 | 4.5382 | 3.5254 | 0.3150 | 0.7764 | 0.1238 | 8.5619 | 13.2590 | 0.2234 | 0.3402 | 4.5471
11 | 1.6368 | 0.3221 | 0.7705 | 0.0889 | 1.3438 | 1.9371 | 0.2293 | 0.3346 | 4.5401 | 3.5486 | 0.3136 | 0.7780 | 0.1283 | 8.9136 | 13.1103 | 0.2219 | 0.3133 | 4.5251
12 | 1.6373 | 0.3206 | 0.7701 | 0.0940 | 1.3427 | 1.9057 | 0.2298 | 0.3132 | 4.5505 | 3.5531 | 0.3119 | 0.7756 | 0.1306 | 8.9492 | 13.1046 | 0.2242 | 0.2982 | 4.5743
13 | 1.6360 | 0.3188 | 0.7693 | 0.0975 | 1.3401 | 1.8751 | 0.2305 | 0.3022 | 4.5666 | 3.5151 | 0.3116 | 0.7770 | 0.1335 | 8.7139 | 12.9395 | 0.2228 | 0.2918 | 4.5457
14 | 1.6322 | 0.3171 | 0.7686 | 0.0995 | 1.3396 | 1.8322 | 0.2313 | 0.2993 | 4.5816 | 3.5334 | 0.3085 | 0.7738 | 0.1350 | 8.9185 | 12.9182 | 0.2261 | 0.2915 | 4.6160
15 | 1.6296 | 0.3156 | 0.7680 | 0.1011 | 1.3378 | 1.8042 | 0.2319 | 0.3025 | 4.5938 | 3.5207 | 0.3071 | 0.7750 | 0.1374 | 8.8783 | 12.8220 | 0.2248 | 0.2965 | 4.5981
16 | 1.6283 | 0.3144 | 0.7677 | 0.1034 | 1.3369 | 1.7823 | 0.2321 | 0.3089 | 4.5987 | 3.5353 | 0.3071 | 0.7764 | 0.1438 | 8.7667 | 13.0235 | 0.2235 | 0.3030 | 4.5695
17 | 1.6310 | 0.3134 | 0.7679 | 0.1079 | 1.3372 | 1.7742 | 0.2319 | 0.3163 | 4.5943 | 3.6161 | 0.3038 | 0.7751 | 0.1496 | 9.1719 | 13.3822 | 0.2247 | 0.3091 | 4.6151
18 | 1.6350 | 0.3123 | 0.7681 | 0.1133 | 1.3376 | 1.7707 | 0.2318 | 0.3244 | 4.5925 | 3.6568 | 0.3037 | 0.7764 | 0.1574 | 9.1668 | 13.7221 | 0.2234 | 0.3168 | 4.5898
19 | 1.6399 | 0.3115 | 0.7684 | 0.1183 | 1.3382 | 1.7782 | 0.2315 | 0.3331 | 4.5884 | 3.7076 | 0.3032 | 0.7778 | 0.1627 | 9.3460 | 14.0084 | 0.2220 | 0.3242 | 4.5637
20 | 1.6439 | 0.3108 | 0.7686 | 0.1226 | 1.3388 | 1.7815 | 0.2313 | 0.3399 | 4.5849 | 3.7398 | 0.3034 | 0.7791 | 0.1675 | 9.4996 | 14.1265 | 0.2207 | 0.3298 | 4.5430
21 | 1.6500 | 0.3098 | 0.7687 | 0.1274 | 1.3398 | 1.8041 | 0.2311 | 0.3461 | 4.5826 | 3.7849 | 0.3020 | 0.7784 | 0.1712 | 9.6252 | 14.4254 | 0.2215 | 0.3363 | 4.5581
22 | 1.6534 | 0.3088 | 0.7689 | 0.1318 | 1.3403 | 1.8033 | 0.2310 | 0.3518 | 4.5805 | 3.8225 | 0.3008 | 0.7784 | 0.1751 | 9.8675 | 14.5272 | 0.2214 | 0.3400 | 4.5642
23 | 1.6563 | 0.3075 | 0.7690 | 0.1361 | 1.3398 | 1.8045 | 0.2308 | 0.3561 | 4.5769 | 3.8157 | 0.2992 | 0.7777 | 0.1805 | 9.7906 | 14.4994 | 0.2221 | 0.3446 | 4.5761
24 | 1.6596 | 0.3067 | 0.7692 | 0.1401 | 1.3396 | 1.8051 | 0.2307 | 0.3599 | 4.5745 | 3.8065 | 0.2985 | 0.7786 | 0.1825 | 9.6363 | 14.5566 | 0.2212 | 0.3480 | 4.5516
25 | 1.6638 | 0.3060 | 0.7694 | 0.1442 | 1.3400 | 1.8144 | 0.2304 | 0.3635 | 4.5694 | 3.8137 | 0.2966 | 0.7785 | 0.1863 | 9.8177 | 14.4175 | 0.2213 | 0.3507 | 4.5647
26 | 1.6680 | 0.3053 | 0.7696 | 0.1479 | 1.3396 | 1.8266 | 0.2303 | 0.3670 | 4.5662 | 3.8117 | 0.2974 | 0.7791 | 0.1888 | 9.6381 | 14.5524 | 0.2207 | 0.3545 | 4.5445
27 | 1.6710 | 0.3046 | 0.7698 | 0.1518 | 1.3390 | 1.8280 | 0.2300 | 0.3703 | 4.5611 | 3.7867 | 0.2976 | 0.7807 | 0.1917 | 9.6133 | 14.3061 | 0.2191 | 0.3577 | 4.5093
28 | 1.6740 | 0.3040 | 0.7702 | 0.1554 | 1.3384 | 1.8288 | 0.2297 | 0.3734 | 4.5545 | 3.8453 | 0.2942 | 0.7788 | 0.1954 | 10.0450 | 14.4430 | 0.2210 | 0.3610 | 4.5594
29 | 1.6798 | 0.3034 | 0.7705 | 0.1587 | 1.3386 | 1.8608 | 0.2294 | 0.3754 | 4.5494 | 3.7900 | 0.2950 | 0.7798 | 0.1985 | 9.5831 | 14.3218 | 0.2200 | 0.3626 | 4.5318
30 | 1.6859 | 0.3034 | 0.7707 | 0.1617 | 1.3377 | 1.8936 | 0.2291 | 0.3775 | 4.5443 | 3.8234 | 0.2948 | 0.7807 | 0.2017 | 9.6819 | 14.5253 | 0.2191 | 0.3637 | 4.5188
31 | 1.6897 | 0.3036 | 0.7710 | 0.1642 | 1.3377 | 1.9055 | 0.2288 | 0.3799 | 4.5400 | 3.8557 | 0.2949 | 0.7814 | 0.2035 | 9.7779 | 14.7370 | 0.2183 | 0.3660 | 4.5042
32 | 1.6956 | 0.3038 | 0.7713 | 0.1675 | 1.3364 | 1.9322 | 0.2285 | 0.3821 | 4.5351 | 3.8516 | 0.2970 | 0.7819 | 0.2057 | 9.6903 | 14.7486 | 0.2179 | 0.3676 | 4.4893
33 | 1.7011 | 0.3039 | 0.7715 | 0.1710 | 1.3343 | 1.9544 | 0.2283 | 0.3836 | 4.5315 | 3.8717 | 0.2949 | 0.7806 | 0.2078 | 9.9527 | 14.6719 | 0.2192 | 0.3696 | 4.5314
34 | 1.7083 | 0.3040 | 0.7718 | 0.1734 | 1.3335 | 2.0013 | 0.2281 | 0.3848 | 4.5280 | 3.8662 | 0.2958 | 0.7806 | 0.2099 | 9.7691 | 14.7748 | 0.2192 | 0.3704 | 4.5254
35 | 1.7157 | 0.3039 | 0.7719 | 0.1758 | 1.3321 | 2.0542 | 0.2279 | 0.3862 | 4.5253 | 3.8885 | 0.2968 | 0.7821 | 0.2113 | 9.7987 | 14.9478 | 0.2177 | 0.3725 | 4.4978
36 | 1.7217 | 0.3040 | 0.7722 | 0.1785 | 1.3313 | 2.0875 | 0.2276 | 0.3874 | 4.5206 | 3.8504 | 0.2957 | 0.7816 | 0.2132 | 9.8077 | 14.5456 | 0.2182 | 0.3731 | 4.5120
37 | 1.7245 | 0.3042 | 0.7725 | 0.1808 | 1.3297 | 2.0919 | 0.2273 | 0.3887 | 4.5168 | 3.8725 | 0.2966 | 0.7831 | 0.2152 | 9.9292 | 14.6171 | 0.2167 | 0.3745 | 4.4877
38 | 1.7301 | 0.3042 | 0.7728 | 0.1839 | 1.3285 | 2.1191 | 0.2270 | 0.3899 | 4.5121 | 3.8549 | 0.2968 | 0.7828 | 0.2180 | 9.7949 | 14.5461 | 0.2170 | 0.3754 | 4.4915
39 | 1.7342 | 0.3041 | 0.7730 | 0.1862 | 1.3270 | 2.1400 | 0.2269 | 0.3903 | 4.5101 | 3.8267 | 0.2953 | 0.7824 | 0.2197 | 9.7193 | 14.3370 | 0.2174 | 0.3758 | 4.4990
40 | 1.7403 | 0.3038 | 0.7731 | 0.1884 | 1.3264 | 2.1824 | 0.2267 | 0.3903 | 4.5066 | 3.8269 | 0.2960 | 0.7827 | 0.2214 | 9.6445 | 14.3878 | 0.2171 | 0.3753 | 4.4978
41 | 1.7445 | 0.3038 | 0.7735 | 0.1905 | 1.3256 | 2.2053 | 0.2264 | 0.3896 | 4.5008 | 3.8232 | 0.2967 | 0.7832 | 0.2234 | 9.6105 | 14.3629 | 0.2166 | 0.3756 | 4.4829
42 | 1.7508 | 0.3036 | 0.7736 | 0.1922 | 1.3239 | 2.2559 | 0.2263 | 0.3893 | 4.4995 | 3.8174 | 0.2950 | 0.7817 | 0.2245 | 9.6322 | 14.2795 | 0.2181 | 0.3749 | 4.5214
43 | 1.7585 | 0.3033 | 0.7735 | 0.1937 | 1.3230 | 2.3213 | 0.2263 | 0.3892 | 4.5001 | 3.8109 | 0.2955 | 0.7835 | 0.2255 | 9.5510 | 14.2872 | 0.2163 | 0.3746 | 4.4838
44 | 1.7667 | 0.3031 | 0.7737 | 0.1951 | 1.3219 | 2.3933 | 0.2261 | 0.3891 | 4.4969 | 3.8017 | 0.2945 | 0.7823 | 0.2259 | 9.6023 | 14.1454 | 0.2175 | 0.3747 | 4.5091
45 | 1.7749 | 0.3027 | 0.7738 | 0.1963 | 1.3204 | 2.4698 | 0.2260 | 0.3884 | 4.4938 | 3.7576 | 0.2953 | 0.7840 | 0.2274 | 9.3448 | 13.9504 | 0.2158 | 0.3738 | 4.4668
46 | 1.7828 | 0.3020 | 0.7739 | 0.1976 | 1.3194 | 2.5440 | 0.2259 | 0.3882 | 4.4931 | 3.7751 | 0.2943 | 0.7830 | 0.2272 | 9.4655 | 14.0112 | 0.2168 | 0.3745 | 4.4910
47 | 1.7920 | 0.3017 | 0.7739 | 0.1979 | 1.3190 | 2.6359 | 0.2259 | 0.3872 | 4.4937 | 3.7602 | 0.2944 | 0.7833 | 0.2270 | 9.4479 | 13.8800 | 0.2165 | 0.3714 | 4.4847
48 | 1.7972 | 0.3013 | 0.7739 | 0.1984 | 1.3179 | 2.6878 | 0.2259 | 0.3868 | 4.4931 | 3.7716 | 0.2933 | 0.7841 | 0.2277 | 9.4666 | 13.9808 | 0.2157 | 0.3728 | 4.4734
49 | 1.8124 | 0.3009 | 0.7740 | 0.1989 | 1.3169 | 2.8403 | 0.2258 | 0.3858 | 4.4915 | 3.7704 | 0.2940 | 0.7843 | 0.2286 | 9.2265 | 14.1976 | 0.2155 | 0.3708 | 4.4629
50 | 1.8312 | 0.3003 | 0.7741 | 0.1997 | 1.3158 | 3.0276 | 0.2257 | 0.3842 | 4.4900 | 3.8032 | 0.2931 | 0.7835 | 0.2295 | 9.2814 | 14.4680 | 0.2163 | 0.3694 | 4.4799
51 | 1.8474 | 0.2993 | 0.7742 | 0.2007 | 1.3139 | 3.1919 | 0.2257 | 0.3828 | 4.4884 | 3.8078 | 0.2913 | 0.7840 | 0.2294 | 9.4308 | 14.3816 | 0.2158 | 0.3677 | 4.4734
52 | 1.8615 | 0.2988 | 0.7742 | 0.2014 | 1.3119 | 3.3334 | 0.2256 | 0.3814 | 4.4876 | 3.7776 | 0.2898 | 0.7830 | 0.2310 | 9.2866 | 14.2134 | 0.2168 | 0.3677 | 4.5024
53 | 1.8667 | 0.2981 | 0.7744 | 0.2030 | 1.3100 | 3.3782 | 0.2254 | 0.3803 | 4.4850 | 3.7930 | 0.2902 | 0.7835 | 0.2317 | 9.2355 | 14.4200 | 0.2163 | 0.3668 | 4.4785
54 | 1.8773 | 0.2971 | 0.7746 | 0.2042 | 1.3087 | 3.4828 | 0.2252 | 0.3789 | 4.4812 | 3.7569 | 0.2894 | 0.7842 | 0.2335 | 9.0195 | 14.2637 | 0.2156 | 0.3658 | 4.4695
55 | 1.8832 | 0.2963 | 0.7748 | 0.2050 | 1.3074 | 3.5448 | 0.2251 | 0.3775 | 4.4779 | 3.7446 | 0.2890 | 0.7842 | 0.2335 | 9.0350 | 14.1307 | 0.2156 | 0.3647 | 4.4678
56 | 1.8834 | 0.2957 | 0.7749 | 0.2052 | 1.3062 | 3.5534 | 0.2249 | 0.3766 | 4.4746 | 3.7659 | 0.2888 | 0.7851 | 0.2338 | 9.1145 | 14.2661 | 0.2147 | 0.3643 | 4.4506
57 | 1.8853 | 0.2949 | 0.7750 | 0.2050 | 1.3051 | 3.5840 | 0.2248 | 0.3758 | 4.4726 | 3.7287 | 0.2880 | 0.7854 | 0.2345 | 8.8177 | 14.1944 | 0.2144 | 0.3631 | 4.4416
58 | 1.8864 | 0.2937 | 0.7751 | 0.2051 | 1.3041 | 3.6071 | 0.2247 | 0.3750 | 4.4703 | 3.7215 | 0.2860 | 0.7841 | 0.2343 | 8.8792 | 14.0779 | 0.2157 | 0.3625 | 4.4673
59 | 1.8959 | 0.2927 | 0.7752 | 0.2054 | 1.3028 | 3.7104 | 0.2246 | 0.3742 | 4.4688 | 3.7343 | 0.2838 | 0.7848 | 0.2369 | 8.9837 | 14.0968 | 0.2150 | 0.3624 | 4.4607
60 | 1.8998 | 0.2911 | 0.7755 | 0.2069 | 1.3021 | 3.7521 | 0.2243 | 0.3733 | 4.4634 | 3.7249 | 0.2825 | 0.7843 | 0.2383 | 8.8198 | 14.1698 | 0.2154 | 0.3604 | 4.4593
61 | 1.9064 | 0.2894 | 0.7757 | 0.2081 | 1.3013 | 3.8240 | 0.2242 | 0.3725 | 4.4601 | 3.7247 | 0.2805 | 0.7845 | 0.2394 | 8.9700 | 14.0272 | 0.2152 | 0.3610 | 4.4577
62 | 1.9043 | 0.2881 | 0.7758 | 0.2092 | 1.3005 | 3.8062 | 0.2241 | 0.3719 | 4.4584 | 3.7101 | 0.2794 | 0.7844 | 0.2404 | 8.9852 | 13.8623 | 0.2154 | 0.3603 | 4.4656
63 | 1.8976 | 0.2869 | 0.7760 | 0.2103 | 1.2994 | 3.7434 | 0.2238 | 0.3710 | 4.4539 | 3.6716 | 0.2802 | 0.7858 | 0.2421 | 8.6465 | 13.8027 | 0.2140 | 0.3597 | 4.4258
64 | 1.9081 | 0.2856 | 0.7762 | 0.2117 | 1.2983 | 3.8479 | 0.2236 | 0.3701 | 4.4495 | 3.6660 | 0.2773 | 0.7849 | 0.2437 | 8.7945 | 13.6040 | 0.2149 | 0.3576 | 4.4524
65 | 1.8985 | 0.2841 | 0.7764 | 0.2135 | 1.2974 | 3.7503 | 0.2234 | 0.3692 | 4.4448 | 3.6384 | 0.2770 | 0.7856 | 0.2462 | 8.5309 | 13.5790 | 0.2142 | 0.3569 | 4.4276
66 | 1.9070 | 0.2825 | 0.7768 | 0.2158 | 1.2959 | 3.8311 | 0.2230 | 0.3681 | 4.4384 | 3.6426 | 0.2738 | 0.7853 | 0.2492 | 8.6250 | 13.5240 | 0.2145 | 0.3565 | 4.4391
67 | 1.9049 | 0.2808 | 0.7770 | 0.2179 | 1.2942 | 3.8087 | 0.2228 | 0.3675 | 4.4340 | 3.6247 | 0.2727 | 0.7860 | 0.2518 | 8.6164 | 13.3376 | 0.2138 | 0.3565 | 4.4305
68 | 1.9068 | 0.2792 | 0.7773 | 0.2204 | 1.2937 | 3.8192 | 0.2225 | 0.3673 | 4.4288 | 3.5992 | 0.2721 | 0.7863 | 0.2533 | 8.3629 | 13.3322 | 0.2134 | 0.3563 | 4.4187
69 | 1.9089 | 0.2779 | 0.7776 | 0.2225 | 1.2932 | 3.8344 | 0.2222 | 0.3670 | 4.4241 | 3.5749 | 0.2701 | 0.7862 | 0.2553 | 8.3341 | 13.1189 | 0.2135 | 0.3561 | 4.4190
70 | 1.9146 | 0.2765 | 0.7777 | 0.2242 | 1.2911 | 3.8908 | 0.2221 | 0.3673 | 4.4222 | 3.5754 | 0.2694 | 0.7863 | 0.2577 | 8.3374 | 13.1058 | 0.2135 | 0.3567 | 4.4151
71 | 1.9157 | 0.2753 | 0.7779 | 0.2266 | 1.2904 | 3.8905 | 0.2219 | 0.3676 | 4.4181 | 3.5890 | 0.2676 | 0.7871 | 0.2605 | 8.4354 | 13.1359 | 0.2127 | 0.3579 | 4.4004
72 | 1.9151 | 0.2739 | 0.7781 | 0.2291 | 1.2889 | 3.8749 | 0.2217 | 0.3683 | 4.4145 | 3.5732 | 0.2661 | 0.7872 | 0.2623 | 8.2425 | 13.1669 | 0.2126 | 0.3584 | 4.4003
73 | 1.9304 | 0.2728 | 0.7784 | 0.2309 | 1.2870 | 4.0239 | 0.2214 | 0.3691 | 4.4104 | 3.5917 | 0.2653 | 0.7876 | 0.2636 | 8.3365 | 13.2521 | 0.2122 | 0.3576 | 4.3954
74 | 1.9465 | 0.2715 | 0.7787 | 0.2334 | 1.2859 | 4.1742 | 0.2211 | 0.3696 | 4.4043 | 3.5976 | 0.2634 | 0.7872 | 0.2672 | 8.2610 | 13.3635 | 0.2126 | 0.3594 | 4.4115
75 | 1.9586 | 0.2704 | 0.7789 | 0.2355 | 1.2841 | 4.2881 | 0.2209 | 0.3701 | 4.4010 | 3.6074 | 0.2636 | 0.7884 | 0.2684 | 8.2549 | 13.4606 | 0.2114 | 0.3600 | 4.3828
76 | 1.9693 | 0.2693 | 0.7791 | 0.2374 | 1.2820 | 4.3890 | 0.2207 | 0.3706 | 4.3981 | 3.6211 | 0.2616 | 0.7883 | 0.2709 | 8.3543 | 13.4885 | 0.2114 | 0.3600 | 4.3917
77 | 1.9735 | 0.2678 | 0.7794 | 0.2404 | 1.2808 | 4.4179 | 0.2205 | 0.3710 | 4.3935 | 3.6148 | 0.2601 | 0.7889 | 0.2739 | 8.1702 | 13.6035 | 0.2109 | 0.3604 | 4.3702
78 | 1.9817 | 0.2659 | 0.7796 | 0.2439 | 1.2786 | 4.4866 | 0.2202 | 0.3711 | 4.3888 | 3.6072 | 0.2574 | 0.7886 | 0.2774 | 8.1159 | 13.5670 | 0.2112 | 0.3609 | 4.3848
79 | 1.9894 | 0.2641 | 0.7799 | 0.2476 | 1.2773 | 4.5475 | 0.2199 | 0.3713 | 4.3846 | 3.6148 | 0.2559 | 0.7893 | 0.2811 | 8.1000 | 13.6424 | 0.2104 | 0.3592 | 4.3643
80 | 1.9982 | 0.2619 | 0.7802 | 0.2522 | 1.2752 | 4.6144 | 0.2196 | 0.3710 | 4.3789 | 3.6249 | 0.2542 | 0.7894 | 0.2849 | 8.1617 | 13.6589 | 0.2103 | 0.3590 | 4.3660
81 | 2.0058 | 0.2600 | 0.7804 | 0.2559 | 1.2737 | 4.6731 | 0.2194 | 0.3704 | 4.3743 | 3.6258 | 0.2524 | 0.7897 | 0.2885 | 8.0355 | 13.7803 | 0.2101 | 0.3596 | 4.3567
82 | 2.0199 | 0.2578 | 0.7808 | 0.2609 | 1.2721 | 4.7889 | 0.2190 | 0.3696 | 4.3678 | 3.6372 | 0.2499 | 0.7911 | 0.2939 | 8.0381 | 13.8643 | 0.2087 | 0.3592 | 4.3315
83 | 2.0311 | 0.2557 | 0.7811 | 0.2654 | 1.2703 | 4.8798 | 0.2187 | 0.3686 | 4.3619 | 3.6562 | 0.2472 | 0.7903 | 0.2978 | 8.0852 | 13.9897 | 0.2095 | 0.3567 | 4.3521
84 | 2.0409 | 0.2537 | 0.7814 | 0.2699 | 1.2682 | 4.9560 | 0.2184 | 0.3676 | 4.3563 | 3.6494 | 0.2454 | 0.7907 | 0.3022 | 7.9290 | 14.0576 | 0.2091 | 0.3567 | 4.3395
85 | 2.0479 | 0.2517 | 0.7817 | 0.2744 | 1.2665 | 5.0038 | 0.2181 | 0.3664 | 4.3508 | 3.6568 | 0.2442 | 0.7910 | 0.3064 | 7.9232 | 14.1098 | 0.2088 | 0.3549 | 4.3314
86 | 2.0602 | 0.2498 | 0.7819 | 0.2783 | 1.2649 | 5.1088 | 0.2179 | 0.3652 | 4.3463 | 3.6859 | 0.2415 | 0.7911 | 0.3100 | 8.0263 | 14.2832 | 0.2087 | 0.3545 | 4.3380
87 | 2.0743 | 0.2478 | 0.7822 | 0.2823 | 1.2632 | 5.2322 | 0.2177 | 0.3638 | 4.3418 | 3.6758 | 0.2405 | 0.7920 | 0.3134 | 7.8551 | 14.3345 | 0.2078 | 0.3520 | 4.3166
88 | 2.0845 | 0.2457 | 0.7824 | 0.2867 | 1.2616 | 5.3127 | 0.2174 | 0.3622 | 4.3376 | 3.7080 | 0.2375 | 0.7923 | 0.3189 | 7.9210 | 14.5626 | 0.2075 | 0.3501 | 4.3156
89 | 2.1016 | 0.2435 | 0.7826 | 0.2914 | 1.2597 | 5.4613 | 0.2172 | 0.3605 | 4.3325 | 3.7454 | 0.2358 | 0.7920 | 0.3228 | 8.0590 | 14.7799 | 0.2078 | 0.3491 | 4.3165
90 | 2.1162 | 0.2416 | 0.7828 | 0.2953 | 1.2578 | 5.5900 | 0.2170 | 0.3588 | 4.3293 | 3.7600 | 0.2344 | 0.7924 | 0.3266 | 8.0208 | 14.9425 | 0.2074 | 0.3468 | 4.3069
91 | 2.1295 | 0.2396 | 0.7831 | 0.2997 | 1.2562 | 5.7013 | 0.2168 | 0.3568 | 4.3247 | 3.7787 | 0.2318 | 0.7929 | 0.3316 | 8.0416 | 15.0819 | 0.2068 | 0.3463 | 4.3028
92 | 2.1441 | 0.2376 | 0.7834 | 0.3043 | 1.2543 | 5.8242 | 0.2165 | 0.3549 | 4.3189 | 3.8081 | 0.2302 | 0.7931 | 0.3363 | 8.1024 | 15.2824 | 0.2066 | 0.3437 | 4.3017
93 | 2.1544 | 0.2358 | 0.7836 | 0.3087 | 1.2527 | 5.9041 | 0.2162 | 0.3529 | 4.3133 | 3.8289 | 0.2284 | 0.7935 | 0.3406 | 8.1039 | 15.4669 | 0.2062 | 0.3418 | 4.2905
94 | 2.1678 | 0.2341 | 0.7840 | 0.3129 | 1.2515 | 6.0141 | 0.2158 | 0.3509 | 4.3066 | 3.8520 | 0.2268 | 0.7935 | 0.3448 | 8.1081 | 15.6683 | 0.2062 | 0.3397 | 4.2913
95 | 2.1827 | 0.2325 | 0.7843 | 0.3172 | 1.2495 | 6.1397 | 0.2155 | 0.3491 | 4.2998 | 3.8846 | 0.2254 | 0.7941 | 0.3495 | 8.1558 | 15.9138 | 0.2056 | 0.3385 | 4.2816
96 | 2.1973 | 0.2309 | 0.7847 | 0.3217 | 1.2479 | 6.2604 | 0.2151 | 0.3475 | 4.2915 | 3.9094 | 0.2240 | 0.7949 | 0.3544 | 8.1934 | 16.0914 | 0.2049 | 0.3364 | 4.2678
97 | 2.2099 | 0.2296 | 0.7852 | 0.3259 | 1.2464 | 6.3594 | 0.2147 | 0.3460 | 4.2828 | 3.9298 | 0.2231 | 0.7952 | 0.3585 | 8.2139 | 16.2442 | 0.2046 | 0.3351 | 4.2609
98 | 2.2216 | 0.2285 | 0.7856 | 0.3296 | 1.2447 | 6.4542 | 0.2143 | 0.3449 | 4.2747 | 3.9465 | 0.2222 | 0.7955 | 0.3621 | 8.1845 | 16.4137 | 0.2042 | 0.3340 | 4.2555
99 | 2.2325 | 0.2277 | 0.7859 | 0.3325 | 1.2436 | 6.5430 | 0.2139 | 0.3441 | 4.2682 | 3.9592 | 0.2216 | 0.7957 | 0.3648 | 8.1920 | 16.5129 | 0.2041 | 0.3335 | 4.2508
100 | 2.2403 | 0.2272 | 0.7861 | 0.3345 | 1.2433 | 6.6082 | 0.2137 | 0.3438 | 4.2642 | 3.9667 | 0.2214 | 0.7959 | 0.3661 | 8.2015 | 16.5670 | 0.2039 | 0.3333 | 4.2478
epoch | loss | sim_loss | var_pred | var_target | cov_pred | cov_target | feat_std | feat_std_ctx | feat_norm | val_loss | val_sim_loss | val_var_pred | val_var_target | val_cov_pred | val_cov_target | val_feat_std | val_feat_std_ctx | val_feat_norm
1 | 5.0091 | 0.3884 | 0.8138 | 0.1721 | 1.4110 | 34.1403 | 0.1859 | 0.8726 | 3.8103 | 7.0160 | 0.3554 | 0.8729 | 0.1578 | 23.0920 | 32.8858 | 0.1267 | 0.9142 | 2.7540
2 | 2.0030 | 0.3657 | 0.7913 | 0.0509 | 1.2837 | 5.6881 | 0.2085 | 0.9785 | 4.1190 | 5.1651 | 0.3401 | 0.8311 | 0.1292 | 14.6260 | 23.3623 | 0.1686 | 0.9248 | 3.5009
3 | 1.8202 | 0.3496 | 0.7822 | 0.0520 | 1.2951 | 3.9703 | 0.2176 | 0.9418 | 4.2997 | 4.3194 | 0.3291 | 0.8057 | 0.1108 | 11.4704 | 18.3496 | 0.1941 | 0.8863 | 3.9730
4 | 1.7198 | 0.3387 | 0.7761 | 0.0501 | 1.3017 | 3.0693 | 0.2237 | 0.8766 | 4.4121 | 4.0202 | 0.3225 | 0.7923 | 0.1032 | 10.2633 | 16.6863 | 0.2076 | 0.8124 | 4.2202
5 | 1.6677 | 0.3321 | 0.7724 | 0.0483 | 1.3117 | 2.6080 | 0.2275 | 0.7871 | 4.4816 | 3.8987 | 0.3195 | 0.7844 | 0.1019 | 9.7409 | 16.0177 | 0.2155 | 0.7177 | 4.3740
6 | 1.6378 | 0.3286 | 0.7701 | 0.0478 | 1.3228 | 2.3299 | 0.2298 | 0.6869 | 4.5244 | 3.9387 | 0.3175 | 0.7808 | 0.1014 | 9.9517 | 16.2196 | 0.2190 | 0.6183 | 4.4480
7 | 1.6223 | 0.3264 | 0.7688 | 0.0507 | 1.3333 | 2.1497 | 0.2310 | 0.5875 | 4.5502 | 3.9100 | 0.3162 | 0.7774 | 0.1040 | 9.9948 | 15.8655 | 0.2224 | 0.5252 | 4.5154
8 | 1.6147 | 0.3243 | 0.7681 | 0.0551 | 1.3408 | 2.0395 | 0.2318 | 0.4968 | 4.5651 | 3.8330 | 0.3147 | 0.7771 | 0.1056 | 9.8634 | 15.2247 | 0.2227 | 0.4427 | 4.5234
9 | 1.6131 | 0.3227 | 0.7677 | 0.0591 | 1.3483 | 1.9899 | 0.2321 | 0.4214 | 4.5741 | 3.8854 | 0.3140 | 0.7757 | 0.1096 | 9.8269 | 15.7460 | 0.2241 | 0.3792 | 4.5536
10 | 1.6116 | 0.3209 | 0.7673 | 0.0639 | 1.3541 | 1.9369 | 0.2325 | 0.3687 | 4.5828 | 3.8648 | 0.3136 | 0.7758 | 0.1119 | 9.7404 | 15.6068 | 0.2240 | 0.3396 | 4.5520
11 | 1.6074 | 0.3195 | 0.7671 | 0.0664 | 1.3579 | 1.8793 | 0.2328 | 0.3377 | 4.5852 | 3.8136 | 0.3101 | 0.7744 | 0.1147 | 9.7009 | 15.1328 | 0.2255 | 0.3175 | 4.5849
12 | 1.6054 | 0.3183 | 0.7668 | 0.0683 | 1.3582 | 1.8516 | 0.2331 | 0.3233 | 4.5894 | 3.8269 | 0.3106 | 0.7744 | 0.1176 | 9.6568 | 15.2768 | 0.2254 | 0.3094 | 4.5846
13 | 1.6039 | 0.3178 | 0.7670 | 0.0711 | 1.3574 | 1.8141 | 0.2328 | 0.3191 | 4.5850 | 3.7504 | 0.3106 | 0.7760 | 0.1194 | 9.2869 | 14.8717 | 0.2239 | 0.3087 | 4.5488
14 | 1.6065 | 0.3173 | 0.7671 | 0.0738 | 1.3570 | 1.8191 | 0.2327 | 0.3213 | 4.5858 | 3.8427 | 0.3074 | 0.7745 | 0.1259 | 9.7244 | 15.3068 | 0.2253 | 0.3114 | 4.5978
15 | 1.6136 | 0.3165 | 0.7671 | 0.0788 | 1.3558 | 1.8471 | 0.2327 | 0.3268 | 4.5895 | 3.8435 | 0.3068 | 0.7747 | 0.1328 | 9.5221 | 15.4495 | 0.2252 | 0.3173 | 4.6036
16 | 1.6220 | 0.3154 | 0.7673 | 0.0848 | 1.3555 | 1.8789 | 0.2326 | 0.3337 | 4.5933 | 3.8792 | 0.3070 | 0.7755 | 0.1402 | 9.5532 | 15.6984 | 0.2243 | 0.3233 | 4.5925
17 | 1.6304 | 0.3149 | 0.7676 | 0.0907 | 1.3556 | 1.9086 | 0.2323 | 0.3401 | 4.5919 | 3.9000 | 0.3061 | 0.7754 | 0.1452 | 9.5073 | 15.9100 | 0.2244 | 0.3285 | 4.5994
18 | 1.6397 | 0.3146 | 0.7681 | 0.0969 | 1.3565 | 1.9420 | 0.2317 | 0.3453 | 4.5854 | 3.9440 | 0.3060 | 0.7780 | 0.1534 | 9.6188 | 16.1643 | 0.2218 | 0.3323 | 4.5535
19 | 1.6461 | 0.3139 | 0.7685 | 0.1033 | 1.3561 | 1.9484 | 0.2314 | 0.3495 | 4.5826 | 3.9450 | 0.3046 | 0.7768 | 0.1582 | 9.7741 | 15.9775 | 0.2230 | 0.3362 | 4.5819
20 | 1.6511 | 0.3130 | 0.7688 | 0.1096 | 1.3558 | 1.9461 | 0.2311 | 0.3538 | 4.5791 | 4.0086 | 0.3036 | 0.7778 | 0.1630 | 10.0851 | 16.2614 | 0.2220 | 0.3400 | 4.5752
21 | 1.6539 | 0.3124 | 0.7690 | 0.1146 | 1.3552 | 1.9300 | 0.2309 | 0.3577 | 4.5756 | 3.9552 | 0.3045 | 0.7788 | 0.1655 | 9.8790 | 15.9081 | 0.2210 | 0.3445 | 4.5479
22 | 1.6587 | 0.3116 | 0.7693 | 0.1201 | 1.3547 | 1.9328 | 0.2305 | 0.3606 | 4.5700 | 3.9234 | 0.3025 | 0.7780 | 0.1711 | 9.7143 | 15.7170 | 0.2218 | 0.3471 | 4.5625
23 | 1.6622 | 0.3108 | 0.7695 | 0.1255 | 1.3546 | 1.9237 | 0.2303 | 0.3631 | 4.5658 | 3.9718 | 0.3017 | 0.7795 | 0.1756 | 10.0888 | 15.7924 | 0.2203 | 0.3482 | 4.5386
24 | 1.6662 | 0.3100 | 0.7699 | 0.1310 | 1.3541 | 1.9176 | 0.2300 | 0.3656 | 4.5601 | 3.9340 | 0.3024 | 0.7812 | 0.1801 | 9.7438 | 15.7168 | 0.2186 | 0.3510 | 4.4990
25 | 1.6693 | 0.3095 | 0.7702 | 0.1361 | 1.3531 | 1.9033 | 0.2296 | 0.3684 | 4.5539 | 3.9492 | 0.2997 | 0.7785 | 0.1841 | 9.9028 | 15.6827 | 0.2213 | 0.3533 | 4.5590
26 | 1.6714 | 0.3086 | 0.7705 | 0.1406 | 1.3508 | 1.8926 | 0.2293 | 0.3705 | 4.5489 | 3.9648 | 0.3009 | 0.7809 | 0.1875 | 9.9346 | 15.7734 | 0.2189 | 0.3559 | 4.5088
27 | 1.6742 | 0.3077 | 0.7708 | 0.1451 | 1.3513 | 1.8849 | 0.2291 | 0.3722 | 4.5440 | 3.8968 | 0.3006 | 0.7802 | 0.1911 | 9.5797 | 15.4149 | 0.2196 | 0.3578 | 4.5197
28 | 1.6766 | 0.3063 | 0.7710 | 0.1502 | 1.3497 | 1.8748 | 0.2288 | 0.3738 | 4.5407 | 3.8617 | 0.2966 | 0.7801 | 0.1951 | 9.6283 | 15.0119 | 0.2197 | 0.3588 | 4.5259
29 | 1.6786 | 0.3046 | 0.7711 | 0.1548 | 1.3484 | 1.8681 | 0.2287 | 0.3750 | 4.5384 | 3.9007 | 0.2959 | 0.7805 | 0.2007 | 9.7697 | 15.2146 | 0.2193 | 0.3596 | 4.5169
30 | 1.6811 | 0.3032 | 0.7713 | 0.1596 | 1.3466 | 1.8608 | 0.2285 | 0.3761 | 4.5348 | 3.8871 | 0.2941 | 0.7814 | 0.2030 | 9.7956 | 15.0462 | 0.2184 | 0.3608 | 4.5038
31 | 1.6849 | 0.3023 | 0.7716 | 0.1645 | 1.3453 | 1.8612 | 0.2283 | 0.3773 | 4.5303 | 3.8441 | 0.2950 | 0.7817 | 0.2079 | 9.3899 | 14.9732 | 0.2181 | 0.3625 | 4.4893
32 | 1.6882 | 0.3017 | 0.7718 | 0.1685 | 1.3446 | 1.8612 | 0.2280 | 0.3786 | 4.5264 | 3.8111 | 0.2933 | 0.7815 | 0.2101 | 9.4499 | 14.5754 | 0.2183 | 0.3632 | 4.4954
33 | 1.6900 | 0.3011 | 0.7722 | 0.1720 | 1.3440 | 1.8511 | 0.2277 | 0.3801 | 4.5211 | 3.8279 | 0.2940 | 0.7826 | 0.2141 | 9.4579 | 14.6893 | 0.2172 | 0.3654 | 4.4763
34 | 1.6935 | 0.3005 | 0.7725 | 0.1760 | 1.3427 | 1.8536 | 0.2273 | 0.3812 | 4.5149 | 3.8096 | 0.2929 | 0.7822 | 0.2166 | 9.3639 | 14.5861 | 0.2176 | 0.3652 | 4.4823
35 | 1.6968 | 0.2999 | 0.7729 | 0.1799 | 1.3421 | 1.8557 | 0.2269 | 0.3822 | 4.5082 | 3.7778 | 0.2918 | 0.7835 | 0.2208 | 9.1976 | 14.4082 | 0.2163 | 0.3672 | 4.4561
36 | 1.6985 | 0.2996 | 0.7730 | 0.1819 | 1.3409 | 1.8568 | 0.2268 | 0.3835 | 4.5066 | 3.7747 | 0.2918 | 0.7828 | 0.2211 | 9.2146 | 14.3517 | 0.2170 | 0.3682 | 4.4731
37 | 1.7007 | 0.2991 | 0.7733 | 0.1852 | 1.3400 | 1.8520 | 0.2265 | 0.3845 | 4.5012 | 3.7717 | 0.2911 | 0.7820 | 0.2247 | 9.2988 | 14.2085 | 0.2178 | 0.3693 | 4.4884
38 | 1.7043 | 0.2993 | 0.7736 | 0.1876 | 1.3387 | 1.8645 | 0.2262 | 0.3853 | 4.4959 | 3.7791 | 0.2921 | 0.7829 | 0.2255 | 9.2353 | 14.3312 | 0.2169 | 0.3701 | 4.4691
39 | 1.7077 | 0.2986 | 0.7737 | 0.1896 | 1.3378 | 1.8857 | 0.2261 | 0.3858 | 4.4953 | 3.7732 | 0.2902 | 0.7837 | 0.2266 | 9.3072 | 14.2100 | 0.2161 | 0.3697 | 4.4563
40 | 1.7092 | 0.2984 | 0.7739 | 0.1913 | 1.3366 | 1.8889 | 0.2260 | 0.3855 | 4.4921 | 3.7244 | 0.2906 | 0.7830 | 0.2283 | 9.0396 | 13.9708 | 0.2168 | 0.3700 | 4.4612
41 | 1.7137 | 0.2981 | 0.7739 | 0.1930 | 1.3353 | 1.9201 | 0.2259 | 0.3857 | 4.4922 | 3.7637 | 0.2913 | 0.7834 | 0.2290 | 9.3610 | 14.0242 | 0.2164 | 0.3717 | 4.4656
42 | 1.7190 | 0.2983 | 0.7741 | 0.1944 | 1.3353 | 1.9575 | 0.2257 | 0.3863 | 4.4879 | 3.7409 | 0.2901 | 0.7834 | 0.2309 | 9.2242 | 13.9252 | 0.2164 | 0.3718 | 4.4650
43 | 1.7233 | 0.2982 | 0.7743 | 0.1960 | 1.3341 | 1.9874 | 0.2255 | 0.3867 | 4.4844 | 3.7618 | 0.2894 | 0.7825 | 0.2312 | 9.4154 | 13.9375 | 0.2173 | 0.3720 | 4.4939
44 | 1.7275 | 0.2981 | 0.7746 | 0.1974 | 1.3333 | 2.0171 | 0.2252 | 0.3873 | 4.4801 | 3.7398 | 0.2905 | 0.7837 | 0.2329 | 9.0604 | 14.0536 | 0.2161 | 0.3733 | 4.4604
45 | 1.7307 | 0.2979 | 0.7747 | 0.1988 | 1.3319 | 2.0389 | 0.2251 | 0.3877 | 4.4784 | 3.7394 | 0.2900 | 0.7841 | 0.2335 | 9.2062 | 13.9025 | 0.2157 | 0.3739 | 4.4588
46 | 1.7326 | 0.2976 | 0.7748 | 0.1989 | 1.3303 | 2.0616 | 0.2250 | 0.3880 | 4.4779 | 3.7720 | 0.2891 | 0.7846 | 0.2346 | 9.4575 | 13.9703 | 0.2152 | 0.3740 | 4.4580
47 | 1.7357 | 0.2973 | 0.7750 | 0.1991 | 1.3289 | 2.0944 | 0.2249 | 0.3884 | 4.4761 | 3.7317 | 0.2898 | 0.7844 | 0.2351 | 9.1171 | 13.8991 | 0.2154 | 0.3740 | 4.4562
48 | 1.7388 | 0.2972 | 0.7751 | 0.2001 | 1.3278 | 2.1184 | 0.2247 | 0.3887 | 4.4747 | 3.7361 | 0.2908 | 0.7858 | 0.2359 | 9.1754 | 13.8697 | 0.2140 | 0.3740 | 4.4300
49 | 1.7391 | 0.2970 | 0.7754 | 0.2008 | 1.3270 | 2.1171 | 0.2244 | 0.3889 | 4.4693 | 3.7419 | 0.2876 | 0.7848 | 0.2379 | 9.3301 | 13.7738 | 0.2150 | 0.3743 | 4.4619
50 | 1.7423 | 0.2964 | 0.7757 | 0.2021 | 1.3263 | 2.1446 | 0.2241 | 0.3894 | 4.4634 | 3.6696 | 0.2898 | 0.7864 | 0.2387 | 8.7666 | 13.6019 | 0.2134 | 0.3754 | 4.4132
51 | 1.7514 | 0.2958 | 0.7760 | 0.2032 | 1.3250 | 2.2328 | 0.2239 | 0.3891 | 4.4578 | 3.6999 | 0.2874 | 0.7852 | 0.2395 | 9.0507 | 13.6240 | 0.2146 | 0.3749 | 4.4497
52 | 1.7640 | 0.2955 | 0.7762 | 0.2041 | 1.3249 | 2.3540 | 0.2236 | 0.3890 | 4.4532 | 3.7008 | 0.2881 | 0.7864 | 0.2407 | 8.9861 | 13.6847 | 0.2134 | 0.3738 | 4.4211
53 | 1.7772 | 0.2956 | 0.7764 | 0.2048 | 1.3246 | 2.4779 | 0.2235 | 0.3889 | 4.4511 | 3.7046 | 0.2868 | 0.7864 | 0.2413 | 8.9527 | 13.7564 | 0.2134 | 0.3748 | 4.4333
54 | 1.7842 | 0.2948 | 0.7764 | 0.2054 | 1.3222 | 2.5520 | 0.2234 | 0.3883 | 4.4507 | 3.7037 | 0.2873 | 0.7865 | 0.2423 | 8.9923 | 13.6961 | 0.2133 | 0.3718 | 4.4294
55 | 1.7868 | 0.2939 | 0.7765 | 0.2065 | 1.3212 | 2.5784 | 0.2233 | 0.3875 | 4.4479 | 3.7130 | 0.2841 | 0.7865 | 0.2443 | 9.1924 | 13.5943 | 0.2133 | 0.3729 | 4.4368
56 | 1.7943 | 0.2923 | 0.7767 | 0.2084 | 1.3197 | 2.6520 | 0.2231 | 0.3862 | 4.4441 | 3.6812 | 0.2835 | 0.7862 | 0.2465 | 8.7928 | 13.6624 | 0.2136 | 0.3703 | 4.4385
57 | 1.8015 | 0.2911 | 0.7767 | 0.2093 | 1.3183 | 2.7292 | 0.2231 | 0.3853 | 4.4435 | 3.7199 | 0.2824 | 0.7872 | 0.2484 | 8.9942 | 13.8440 | 0.2125 | 0.3693 | 4.4156
58 | 1.8074 | 0.2895 | 0.7768 | 0.2105 | 1.3167 | 2.7949 | 0.2230 | 0.3841 | 4.4413 | 3.6806 | 0.2822 | 0.7869 | 0.2485 | 8.6909 | 13.7603 | 0.2129 | 0.3688 | 4.4147
59 | 1.8151 | 0.2885 | 0.7769 | 0.2111 | 1.3156 | 2.8772 | 0.2229 | 0.3833 | 4.4391 | 3.6882 | 0.2802 | 0.7861 | 0.2498 | 8.9219 | 13.6019 | 0.2136 | 0.3685 | 4.4409
60 | 1.8225 | 0.2874 | 0.7770 | 0.2121 | 1.3140 | 2.9532 | 0.2228 | 0.3828 | 4.4369 | 3.6853 | 0.2785 | 0.7871 | 0.2513 | 8.9053 | 13.5969 | 0.2127 | 0.3686 | 4.4194
61 | 1.8369 | 0.2861 | 0.7771 | 0.2137 | 1.3133 | 3.0978 | 0.2227 | 0.3818 | 4.4340 | 3.7035 | 0.2786 | 0.7856 | 0.2517 | 8.8835 | 13.7884 | 0.2142 | 0.3671 | 4.4514
62 | 1.8538 | 0.2847 | 0.7771 | 0.2139 | 1.3117 | 3.2797 | 0.2228 | 0.3812 | 4.4341 | 3.7092 | 0.2768 | 0.7866 | 0.2532 | 8.8635 | 13.8810 | 0.2131 | 0.3664 | 4.4178
63 | 1.8617 | 0.2830 | 0.7772 | 0.2156 | 1.3107 | 3.3607 | 0.2226 | 0.3801 | 4.4310 | 3.6952 | 0.2749 | 0.7870 | 0.2538 | 8.7865 | 13.8296 | 0.2128 | 0.3663 | 4.4158
64 | 1.8672 | 0.2817 | 0.7773 | 0.2172 | 1.3092 | 3.4146 | 0.2225 | 0.3791 | 4.4288 | 3.6598 | 0.2728 | 0.7861 | 0.2560 | 8.6486 | 13.6134 | 0.2136 | 0.3657 | 4.4279
65 | 1.8697 | 0.2802 | 0.7775 | 0.2194 | 1.3075 | 3.4347 | 0.2224 | 0.3782 | 4.4257 | 3.6677 | 0.2709 | 0.7873 | 0.2585 | 8.7242 | 13.6106 | 0.2124 | 0.3661 | 4.4083
66 | 1.8800 | 0.2783 | 0.7777 | 0.2217 | 1.3060 | 3.5362 | 0.2221 | 0.3775 | 4.4210 | 3.6366 | 0.2708 | 0.7877 | 0.2600 | 8.5430 | 13.4735 | 0.2121 | 0.3624 | 4.3924
67 | 1.8790 | 0.2760 | 0.7778 | 0.2242 | 1.3044 | 3.5269 | 0.2220 | 0.3766 | 4.4181 | 3.6307 | 0.2676 | 0.7871 | 0.2629 | 8.4316 | 13.5289 | 0.2127 | 0.3633 | 4.4011
68 | 1.8811 | 0.2740 | 0.7780 | 0.2268 | 1.3035 | 3.5427 | 0.2218 | 0.3757 | 4.4138 | 3.6387 | 0.2660 | 0.7876 | 0.2655 | 8.5204 | 13.5132 | 0.2122 | 0.3617 | 4.3916
69 | 1.8877 | 0.2715 | 0.7784 | 0.2308 | 1.3031 | 3.5954 | 0.2214 | 0.3745 | 4.4058 | 3.6203 | 0.2627 | 0.7881 | 0.2699 | 8.4096 | 13.4275 | 0.2117 | 0.3610 | 4.3843
70 | 1.8933 | 0.2690 | 0.7788 | 0.2352 | 1.3023 | 3.6341 | 0.2210 | 0.3726 | 4.3972 | 3.6252 | 0.2603 | 0.7881 | 0.2746 | 8.3995 | 13.4659 | 0.2117 | 0.3599 | 4.3813
71 | 1.9054 | 0.2661 | 0.7793 | 0.2409 | 1.3009 | 3.7312 | 0.2206 | 0.3710 | 4.3881 | 3.6107 | 0.2576 | 0.7885 | 0.2791 | 8.2830 | 13.4229 | 0.2113 | 0.3576 | 4.3695
72 | 1.9127 | 0.2637 | 0.7795 | 0.2452 | 1.2992 | 3.7872 | 0.2204 | 0.3695 | 4.3847 | 3.6582 | 0.2548 | 0.7885 | 0.2839 | 8.5296 | 13.6240 | 0.2113 | 0.3570 | 4.3821
73 | 1.9242 | 0.2615 | 0.7799 | 0.2501 | 1.2985 | 3.8772 | 0.2200 | 0.3686 | 4.3766 | 3.6525 | 0.2533 | 0.7891 | 0.2872 | 8.3633 | 13.7235 | 0.2107 | 0.3573 | 4.3580
74 | 1.9294 | 0.2597 | 0.7800 | 0.2534 | 1.2972 | 3.9151 | 0.2198 | 0.3681 | 4.3751 | 3.6827 | 0.2508 | 0.7883 | 0.2905 | 8.5990 | 13.7771 | 0.2115 | 0.3567 | 4.3805
75 | 1.9328 | 0.2586 | 0.7801 | 0.2556 | 1.2963 | 3.9382 | 0.2197 | 0.3680 | 4.3735 | 3.7050 | 0.2511 | 0.7895 | 0.2924 | 8.5938 | 13.9876 | 0.2102 | 0.3569 | 4.3547
76 | 1.9399 | 0.2573 | 0.7803 | 0.2592 | 1.2954 | 3.9897 | 0.2195 | 0.3678 | 4.3687 | 3.7030 | 0.2497 | 0.7893 | 0.2959 | 8.4883 | 14.0532 | 0.2105 | 0.3552 | 4.3562
77 | 1.9390 | 0.2566 | 0.7804 | 0.2610 | 1.2942 | 3.9701 | 0.2194 | 0.3678 | 4.3681 | 3.7343 | 0.2499 | 0.7903 | 0.2968 | 8.7147 | 14.1294 | 0.2095 | 0.3558 | 4.3398
78 | 1.9444 | 0.2557 | 0.7806 | 0.2631 | 1.2937 | 4.0113 | 0.2193 | 0.3676 | 4.3652 | 3.7401 | 0.2483 | 0.7901 | 0.2986 | 8.7121 | 14.1849 | 0.2097 | 0.3566 | 4.3465
79 | 1.9399 | 0.2552 | 0.7806 | 0.2644 | 1.2924 | 3.9610 | 0.2192 | 0.3671 | 4.3647 | 3.7382 | 0.2480 | 0.7905 | 0.2995 | 8.7733 | 14.0984 | 0.2093 | 0.3564 | 4.3399
80 | 1.9340 | 0.2550 | 0.7805 | 0.2645 | 1.2916 | 3.9021 | 0.2194 | 0.3667 | 4.3677 | 3.7379 | 0.2466 | 0.7898 | 0.3009 | 8.8635 | 13.9995 | 0.2099 | 0.3553 | 4.3591
81 | 1.9294 | 0.2544 | 0.7804 | 0.2661 | 1.2901 | 3.8480 | 0.2194 | 0.3658 | 4.3689 | 3.7306 | 0.2472 | 0.7901 | 0.3018 | 8.7878 | 13.9899 | 0.2096 | 0.3525 | 4.3500
82 | 1.9216 | 0.2544 | 0.7803 | 0.2664 | 1.2887 | 3.7675 | 0.2195 | 0.3649 | 4.3709 | 3.7486 | 0.2465 | 0.7895 | 0.3024 | 8.9535 | 13.9969 | 0.2103 | 0.3521 | 4.3751
83 | 1.9135 | 0.2542 | 0.7803 | 0.2672 | 1.2877 | 3.6807 | 0.2195 | 0.3642 | 4.3724 | 3.7246 | 0.2486 | 0.7905 | 0.3028 | 8.7846 | 13.9088 | 0.2093 | 0.3502 | 4.3462
84 | 1.9068 | 0.2538 | 0.7802 | 0.2683 | 1.2858 | 3.6081 | 0.2196 | 0.3634 | 4.3743 | 3.7212 | 0.2475 | 0.7900 | 0.3040 | 8.8157 | 13.8424 | 0.2098 | 0.3518 | 4.3562
85 | 1.9029 | 0.2533 | 0.7802 | 0.2698 | 1.2836 | 3.5610 | 0.2196 | 0.3626 | 4.3754 | 3.7349 | 0.2459 | 0.7894 | 0.3049 | 8.9733 | 13.8165 | 0.2104 | 0.3514 | 4.3834
86 | 1.8974 | 0.2528 | 0.7802 | 0.2715 | 1.2818 | 3.4950 | 0.2196 | 0.3614 | 4.3764 | 3.7332 | 0.2452 | 0.7897 | 0.3067 | 8.9912 | 13.7745 | 0.2101 | 0.3509 | 4.3724
87 | 1.8962 | 0.2522 | 0.7802 | 0.2735 | 1.2799 | 3.4717 | 0.2196 | 0.3601 | 4.3762 | 3.7301 | 0.2446 | 0.7897 | 0.3084 | 8.9682 | 13.7575 | 0.2101 | 0.3479 | 4.3691
88 | 1.8925 | 0.2514 | 0.7803 | 0.2757 | 1.2781 | 3.4226 | 0.2195 | 0.3587 | 4.3754 | 3.7224 | 0.2445 | 0.7907 | 0.3110 | 8.9258 | 13.6990 | 0.2090 | 0.3475 | 4.3514
89 | 1.8896 | 0.2504 | 0.7804 | 0.2785 | 1.2763 | 3.3762 | 0.2194 | 0.3571 | 4.3741 | 3.7241 | 0.2439 | 0.7908 | 0.3130 | 8.9159 | 13.7132 | 0.2090 | 0.3456 | 4.3468
90 | 1.8923 | 0.2496 | 0.7805 | 0.2809 | 1.2745 | 3.3886 | 0.2194 | 0.3554 | 4.3732 | 3.7525 | 0.2425 | 0.7911 | 0.3158 | 9.0403 | 13.8518 | 0.2087 | 0.3441 | 4.3553
91 | 1.8978 | 0.2485 | 0.7805 | 0.2837 | 1.2723 | 3.4281 | 0.2193 | 0.3537 | 4.3722 | 3.7751 | 0.2413 | 0.7908 | 0.3185 | 9.1637 | 13.9399 | 0.2089 | 0.3420 | 4.3574
92 | 1.9003 | 0.2476 | 0.7807 | 0.2865 | 1.2707 | 3.4364 | 0.2192 | 0.3520 | 4.3705 | 3.7836 | 0.2405 | 0.7911 | 0.3218 | 9.1161 | 14.0478 | 0.2086 | 0.3399 | 4.3534
93 | 1.9039 | 0.2463 | 0.7808 | 0.2902 | 1.2687 | 3.4515 | 0.2190 | 0.3502 | 4.3673 | 3.8059 | 0.2393 | 0.7913 | 0.3260 | 9.2043 | 14.1533 | 0.2084 | 0.3391 | 4.3499
94 | 1.9088 | 0.2450 | 0.7811 | 0.2941 | 1.2660 | 3.4768 | 0.2187 | 0.3484 | 4.3623 | 3.8323 | 0.2379 | 0.7918 | 0.3302 | 9.2916 | 14.3002 | 0.2080 | 0.3369 | 4.3443
95 | 1.9177 | 0.2439 | 0.7813 | 0.2978 | 1.2639 | 3.5433 | 0.2185 | 0.3468 | 4.3575 | 3.8570 | 0.2366 | 0.7921 | 0.3345 | 9.3767 | 14.4313 | 0.2077 | 0.3356 | 4.3403
96 | 1.9249 | 0.2426 | 0.7817 | 0.3019 | 1.2625 | 3.5895 | 0.2182 | 0.3453 | 4.3512 | 3.8640 | 0.2354 | 0.7924 | 0.3385 | 9.3150 | 14.5365 | 0.2074 | 0.3337 | 4.3347
97 | 1.9326 | 0.2413 | 0.7820 | 0.3058 | 1.2596 | 3.6442 | 0.2178 | 0.3441 | 4.3447 | 3.8784 | 0.2344 | 0.7929 | 0.3428 | 9.3050 | 14.6586 | 0.2069 | 0.3324 | 4.3249
98 | 1.9402 | 0.2402 | 0.7823 | 0.3094 | 1.2583 | 3.6973 | 0.2175 | 0.3432 | 4.3378 | 3.8949 | 0.2336 | 0.7933 | 0.3463 | 9.3636 | 14.7401 | 0.2065 | 0.3314 | 4.3165
99 | 1.9461 | 0.2394 | 0.7826 | 0.3123 | 1.2573 | 3.7386 | 0.2172 | 0.3426 | 4.3325 | 3.9025 | 0.2328 | 0.7934 | 0.3489 | 9.3653 | 14.7961 | 0.2063 | 0.3313 | 4.3141
100 | 1.9491 | 0.2389 | 0.7827 | 0.3139 | 1.2564 | 3.7575 | 0.2171 | 0.3424 | 4.3296 | 3.9034 | 0.2326 | 0.7935 | 0.3499 | 9.3557 | 14.8072 | 0.2063 | 0.3312 | 4.3124
