epoch | loss | sim_loss | var_pred | var_target | cov_pred | cov_target | feat_std | feat_std_ctx | feat_norm | val_loss | val_sim_loss | val_var_pred | val_var_target | val_cov_pred | val_cov_target | val_feat_std | val_feat_std_ctx | val_feat_norm
1 | 12.6961 | 0.4508 | 0.8725 | 0.3539 | 50.3667 | 59.0793 | 0.1271 | 0.6807 | 3.7201 | 17.6426 | 0.4497 | 0.8765 | 0.4137 | 48.8275 | 109.4973 | 0.1231 | 0.6307 | 3.6452
2 | 12.6979 | 0.4462 | 0.8782 | 0.3115 | 36.5649 | 73.4185 | 0.1214 | 0.7380 | 3.5187 | 16.5431 | 0.4410 | 0.8933 | 0.4503 | 38.3730 | 108.6589 | 0.1061 | 0.5642 | 3.3478
3 | 8.2779 | 0.4364 | 0.9026 | 0.5093 | 18.4545 | 45.3509 | 0.0968 | 0.4894 | 3.2084 | 14.9894 | 0.4302 | 0.9433 | 0.8040 | 37.4425 | 90.2617 | 0.0557 | 0.1912 | 3.0372
4 | 4.2056 | 0.4086 | 0.9231 | 0.7966 | 4.3234 | 16.0634 | 0.0762 | 0.2028 | 2.9616 | 17.3349 | 0.3697 | 0.9748 | 0.9171 | 38.2094 | 112.1985 | 0.0227 | 0.0827 | 2.8016
5 | 4.1118 | 0.3446 | 0.9146 | 0.8249 | 2.0118 | 17.7797 | 0.0848 | 0.1789 | 3.1926 | 21.1284 | 0.3139 | 0.9760 | 0.8403 | 35.0188 | 154.4077 | 0.0215 | 0.1671 | 3.3563
6 | 9.7473 | 0.3410 | 0.8658 | 0.7115 | 1.6340 | 75.9794 | 0.1338 | 0.2973 | 3.5962 | 24.2084 | 0.3007 | 0.9525 | 0.6861 | 35.3079 | 186.5971 | 0.0463 | 0.3252 | 3.8037
7 | 14.0886 | 0.3654 | 0.8042 | 0.5764 | 1.3919 | 121.1452 | 0.1956 | 0.4432 | 3.9766 | 26.3898 | 0.2879 | 0.9256 | 0.5477 | 38.4586 | 206.6780 | 0.0736 | 0.4810 | 4.3888
8 | 16.4501 | 0.3751 | 0.7886 | 0.4793 | 1.2679 | 145.8781 | 0.2112 | 0.5591 | 4.0380 | 27.6834 | 0.2941 | 0.9126 | 0.4728 | 43.6821 | 215.2354 | 0.0868 | 0.5726 | 4.3471
9 | 14.4132 | 0.3857 | 0.7823 | 0.3836 | 1.2288 | 126.4912 | 0.2175 | 0.6688 | 3.9911 | 22.7313 | 0.3184 | 0.9037 | 0.4752 | 40.7665 | 168.6866 | 0.0958 | 0.5560 | 3.9767
10 | 11.4307 | 0.3923 | 0.7784 | 0.2976 | 1.2288 | 97.5324 | 0.2214 | 0.7545 | 3.9361 | 21.1798 | 0.3257 | 0.9013 | 0.5194 | 39.0877 | 154.4999 | 0.0982 | 0.5038 | 3.7268
11 | 10.6246 | 0.3961 | 0.7755 | 0.2626 | 1.2309 | 89.8176 | 0.2243 | 0.7972 | 3.9217 | 18.5464 | 0.3340 | 0.8998 | 0.5307 | 36.9316 | 130.2656 | 0.0997 | 0.4919 | 3.4881
12 | 8.7290 | 0.3996 | 0.7727 | 0.2216 | 1.2332 | 71.2652 | 0.2272 | 0.8405 | 3.9183 | 16.7324 | 0.3384 | 0.8963 | 0.4968 | 35.7217 | 113.7622 | 0.1032 | 0.5301 | 3.2867
13 | 7.1934 | 0.4002 | 0.7702 | 0.1863 | 1.2365 | 56.2748 | 0.2296 | 0.8733 | 3.9206 | 15.8293 | 0.3383 | 0.8923 | 0.4491 | 35.8395 | 105.1889 | 0.1072 | 0.5827 | 3.1575
14 | 6.0087 | 0.3986 | 0.7682 | 0.1614 | 1.2389 | 44.7073 | 0.2316 | 0.8933 | 3.9272 | 15.2546 | 0.3365 | 0.8899 | 0.4130 | 36.3679 | 99.3602 | 0.1096 | 0.6215 | 3.0560
15 | 5.2083 | 0.3958 | 0.7666 | 0.1489 | 1.2412 | 36.8629 | 0.2333 | 0.9027 | 3.9405 | 14.8797 | 0.3343 | 0.8890 | 0.3983 | 37.4662 | 94.7191 | 0.1105 | 0.6374 | 2.9858
16 | 4.9100 | 0.3930 | 0.7648 | 0.1467 | 1.2433 | 33.9324 | 0.2351 | 0.9066 | 3.9612 | 14.6845 | 0.3327 | 0.8888 | 0.3961 | 38.7821 | 91.5071 | 0.1107 | 0.6392 | 2.9421
17 | 4.8775 | 0.3913 | 0.7631 | 0.1493 | 1.2441 | 33.6017 | 0.2367 | 0.9074 | 3.9835 | 14.4938 | 0.3324 | 0.8888 | 0.3958 | 39.7803 | 88.6211 | 0.1107 | 0.6404 | 2.9127
18 | 4.9127 | 0.3905 | 0.7617 | 0.1513 | 1.2443 | 33.9426 | 0.2381 | 0.9076 | 4.0040 | 14.3181 | 0.3325 | 0.8887 | 0.3932 | 40.4892 | 86.1878 | 0.1108 | 0.6432 | 2.8925
19 | 4.9121 | 0.3898 | 0.7605 | 0.1515 | 1.2445 | 33.9418 | 0.2393 | 0.9073 | 4.0230 | 14.1634 | 0.3328 | 0.8884 | 0.3891 | 40.8338 | 84.3434 | 0.1111 | 0.6466 | 2.8761
20 | 4.8724 | 0.3891 | 0.7594 | 0.1501 | 1.2450 | 33.5653 | 0.2404 | 0.9078 | 4.0402 | 14.0917 | 0.3329 | 0.8876 | 0.3833 | 41.1644 | 83.3646 | 0.1119 | 0.6524 | 2.8640
21 | 4.8173 | 0.3886 | 0.7583 | 0.1469 | 1.2457 | 33.0537 | 0.2415 | 0.9108 | 4.0547 | 13.9734 | 0.3330 | 0.8864 | 0.3765 | 41.4064 | 82.0237 | 0.1131 | 0.6609 | 2.8520
22 | 4.7608 | 0.3882 | 0.7573 | 0.1430 | 1.2465 | 32.5330 | 0.2426 | 0.9147 | 4.0662 | 13.9907 | 0.3331 | 0.8855 | 0.3685 | 41.8838 | 81.8120 | 0.1140 | 0.6692 | 2.8377
23 | 4.7092 | 0.3878 | 0.7564 | 0.1395 | 1.2473 | 32.0576 | 0.2435 | 0.9181 | 4.0764 | 14.0217 | 0.3333 | 0.8844 | 0.3608 | 42.1726 | 81.9257 | 0.1151 | 0.6787 | 2.8201
24 | 4.6650 | 0.3875 | 0.7556 | 0.1365 | 1.2481 | 31.6509 | 0.2443 | 0.9211 | 4.0857 | 14.0864 | 0.3334 | 0.8834 | 0.3545 | 42.7582 | 82.0612 | 0.1161 | 0.6866 | 2.8121
25 | 4.6229 | 0.3872 | 0.7548 | 0.1338 | 1.2486 | 31.2614 | 0.2450 | 0.9236 | 4.0934 | 14.0763 | 0.3335 | 0.8827 | 0.3495 | 42.8487 | 81.9302 | 0.1169 | 0.6916 | 2.8031
26 | 4.5743 | 0.3871 | 0.7542 | 0.1308 | 1.2492 | 30.8089 | 0.2456 | 0.9262 | 4.0995 | 14.0511 | 0.3336 | 0.8819 | 0.3459 | 43.0000 | 81.5721 | 0.1176 | 0.6951 | 2.7970
27 | 4.5203 | 0.3868 | 0.7536 | 0.1281 | 1.2497 | 30.2998 | 0.2463 | 0.9283 | 4.1061 | 14.0108 | 0.3336 | 0.8813 | 0.3435 | 43.1561 | 81.0438 | 0.1182 | 0.6978 | 2.7931
28 | 4.4618 | 0.3866 | 0.7531 | 0.1253 | 1.2503 | 29.7451 | 0.2468 | 0.9301 | 4.1119 | 13.9772 | 0.3337 | 0.8809 | 0.3423 | 43.2809 | 80.6003 | 0.1187 | 0.6976 | 2.7906
29 | 4.4030 | 0.3864 | 0.7526 | 0.1229 | 1.2507 | 29.1842 | 0.2473 | 0.9312 | 4.1181 | 13.9321 | 0.3336 | 0.8804 | 0.3413 | 43.5089 | 79.9362 | 0.1192 | 0.6982 | 2.7913
30 | 4.3433 | 0.3861 | 0.7521 | 0.1205 | 1.2513 | 28.6138 | 0.2477 | 0.9322 | 4.1239 | 13.8659 | 0.3336 | 0.8800 | 0.3407 | 43.5358 | 79.2573 | 0.1195 | 0.6976 | 2.7910
31 | 4.2842 | 0.3858 | 0.7517 | 0.1183 | 1.2518 | 28.0486 | 0.2481 | 0.9328 | 4.1299 | 13.7853 | 0.3336 | 0.8795 | 0.3406 | 43.4797 | 78.5122 | 0.1200 | 0.6969 | 2.7940
32 | 4.2225 | 0.3854 | 0.7513 | 0.1163 | 1.2523 | 27.4554 | 0.2486 | 0.9328 | 4.1363 | 13.7288 | 0.3333 | 0.8790 | 0.3405 | 43.5822 | 77.8525 | 0.1205 | 0.6959 | 2.7984
33 | 4.1631 | 0.3850 | 0.7509 | 0.1143 | 1.2529 | 26.8848 | 0.2490 | 0.9331 | 4.1424 | 13.6430 | 0.3331 | 0.8786 | 0.3402 | 43.4618 | 77.1232 | 0.1209 | 0.6945 | 2.8031
34 | 4.1034 | 0.3846 | 0.7505 | 0.1126 | 1.2534 | 26.3085 | 0.2494 | 0.9330 | 4.1484 | 13.5602 | 0.3328 | 0.8783 | 0.3406 | 43.3670 | 76.3903 | 0.1213 | 0.6928 | 2.8087
35 | 4.0465 | 0.3842 | 0.7501 | 0.1113 | 1.2539 | 25.7564 | 0.2498 | 0.9326 | 4.1542 | 13.4815 | 0.3325 | 0.8779 | 0.3411 | 43.2316 | 75.7377 | 0.1217 | 0.6916 | 2.8149
36 | 3.9919 | 0.3838 | 0.7498 | 0.1102 | 1.2542 | 25.2252 | 0.2501 | 0.9321 | 4.1596 | 13.4108 | 0.3322 | 0.8776 | 0.3424 | 43.1445 | 75.1073 | 0.1219 | 0.6886 | 2.8214
37 | 3.9422 | 0.3833 | 0.7494 | 0.1095 | 1.2547 | 24.7381 | 0.2504 | 0.9314 | 4.1649 | 13.3157 | 0.3320 | 0.8775 | 0.3436 | 42.9035 | 74.3880 | 0.1220 | 0.6858 | 2.8262
38 | 3.8942 | 0.3830 | 0.7491 | 0.1087 | 1.2550 | 24.2699 | 0.2507 | 0.9310 | 4.1697 | 13.2284 | 0.3317 | 0.8774 | 0.3449 | 42.7369 | 73.6712 | 0.1222 | 0.6834 | 2.8318
39 | 3.8494 | 0.3826 | 0.7489 | 0.1079 | 1.2554 | 23.8334 | 0.2510 | 0.9307 | 4.1739 | 13.1419 | 0.3315 | 0.8772 | 0.3462 | 42.5259 | 73.0051 | 0.1224 | 0.6811 | 2.8362
40 | 3.8080 | 0.3823 | 0.7486 | 0.1071 | 1.2558 | 23.4303 | 0.2513 | 0.9304 | 4.1781 | 13.0605 | 0.3314 | 0.8770 | 0.3474 | 42.3168 | 72.3900 | 0.1225 | 0.6785 | 2.8398
41 | 3.7701 | 0.3820 | 0.7483 | 0.1064 | 1.2561 | 23.0617 | 0.2515 | 0.9302 | 4.1816 | 12.9960 | 0.3313 | 0.8768 | 0.3478 | 42.2020 | 71.8577 | 0.1227 | 0.6775 | 2.8430
42 | 3.7340 | 0.3817 | 0.7481 | 0.1056 | 1.2564 | 22.7107 | 0.2518 | 0.9300 | 4.1850 | 12.9585 | 0.3311 | 0.8767 | 0.3483 | 42.2307 | 71.4504 | 0.1228 | 0.6758 | 2.8456
43 | 3.7011 | 0.3814 | 0.7479 | 0.1049 | 1.2567 | 22.3924 | 0.2520 | 0.9298 | 4.1882 | 12.9055 | 0.3310 | 0.8764 | 0.3482 | 42.1558 | 70.9987 | 0.1231 | 0.6753 | 2.8500
44 | 3.6693 | 0.3811 | 0.7476 | 0.1042 | 1.2570 | 22.0837 | 0.2522 | 0.9295 | 4.1913 | 12.8591 | 0.3308 | 0.8762 | 0.3484 | 42.0395 | 70.6534 | 0.1234 | 0.6745 | 2.8536
45 | 3.6394 | 0.3808 | 0.7474 | 0.1034 | 1.2574 | 21.7954 | 0.2524 | 0.9293 | 4.1943 | 12.8381 | 0.3306 | 0.8759 | 0.3481 | 42.1382 | 70.3515 | 0.1237 | 0.6743 | 2.8562
46 | 3.6116 | 0.3805 | 0.7472 | 0.1028 | 1.2576 | 21.5266 | 0.2526 | 0.9290 | 4.1973 | 12.8041 | 0.3303 | 0.8755 | 0.3476 | 42.2069 | 69.9509 | 0.1240 | 0.6741 | 2.8619
47 | 3.5848 | 0.3802 | 0.7470 | 0.1022 | 1.2579 | 21.2671 | 0.2528 | 0.9285 | 4.2001 | 12.7707 | 0.3300 | 0.8753 | 0.3472 | 42.1844 | 69.6477 | 0.1243 | 0.6741 | 2.8657
48 | 3.5584 | 0.3799 | 0.7469 | 0.1017 | 1.2584 | 21.0116 | 0.2530 | 0.9281 | 4.2029 | 12.7452 | 0.3297 | 0.8750 | 0.3467 | 42.2245 | 69.3613 | 0.1245 | 0.6737 | 2.8714
49 | 3.5324 | 0.3796 | 0.7467 | 0.1011 | 1.2584 | 20.7594 | 0.2532 | 0.9276 | 4.2055 | 12.7412 | 0.3294 | 0.8747 | 0.3463 | 42.3763 | 69.1774 | 0.1248 | 0.6732 | 2.8765
50 | 3.5096 | 0.3793 | 0.7465 | 0.1007 | 1.2588 | 20.5379 | 0.2533 | 0.9269 | 4.2083 | 12.7151 | 0.3292 | 0.8744 | 0.3460 | 42.2912 | 69.0083 | 0.1251 | 0.6730 | 2.8810
51 | 3.4850 | 0.3790 | 0.7464 | 0.1002 | 1.2590 | 20.2998 | 0.2535 | 0.9264 | 4.2105 | 12.7228 | 0.3289 | 0.8741 | 0.3455 | 42.3836 | 69.0009 | 0.1254 | 0.6729 | 2.8861
52 | 3.4639 | 0.3787 | 0.7463 | 0.0998 | 1.2591 | 20.0955 | 0.2536 | 0.9258 | 4.2127 | 12.7135 | 0.3286 | 0.8739 | 0.3450 | 42.4068 | 68.8941 | 0.1256 | 0.6727 | 2.8900
53 | 3.4430 | 0.3784 | 0.7462 | 0.0994 | 1.2593 | 19.8928 | 0.2537 | 0.9253 | 4.2145 | 12.6993 | 0.3284 | 0.8736 | 0.3444 | 42.3775 | 68.7908 | 0.1259 | 0.6736 | 2.8935
54 | 3.4236 | 0.3782 | 0.7460 | 0.0990 | 1.2596 | 19.7052 | 0.2538 | 0.9247 | 4.2163 | 12.6833 | 0.3282 | 0.8734 | 0.3438 | 42.3516 | 68.6645 | 0.1261 | 0.6736 | 2.8981
55 | 3.4044 | 0.3780 | 0.7460 | 0.0987 | 1.2597 | 19.5194 | 0.2539 | 0.9242 | 4.2178 | 12.6755 | 0.3280 | 0.8732 | 0.3431 | 42.3356 | 68.6128 | 0.1264 | 0.6737 | 2.9021
56 | 3.3867 | 0.3778 | 0.7457 | 0.0982 | 1.2602 | 19.3480 | 0.2541 | 0.9239 | 4.2209 | 12.6652 | 0.3278 | 0.8729 | 0.3426 | 42.3448 | 68.5090 | 0.1267 | 0.6740 | 2.9060
57 | 3.3696 | 0.3775 | 0.7455 | 0.0979 | 1.2604 | 19.1818 | 0.2543 | 0.9236 | 4.2242 | 12.6680 | 0.3276 | 0.8727 | 0.3420 | 42.4459 | 68.4439 | 0.1269 | 0.6743 | 2.9094
58 | 3.3536 | 0.3773 | 0.7454 | 0.0975 | 1.2606 | 19.0277 | 0.2545 | 0.9234 | 4.2266 | 12.6366 | 0.3275 | 0.8725 | 0.3413 | 42.3635 | 68.2222 | 0.1271 | 0.6745 | 2.9127
59 | 3.3404 | 0.3772 | 0.7452 | 0.0972 | 1.2608 | 18.8996 | 0.2546 | 0.9230 | 4.2288 | 12.6205 | 0.3273 | 0.8722 | 0.3406 | 42.2842 | 68.1503 | 0.1273 | 0.6754 | 2.9156
60 | 3.3275 | 0.3770 | 0.7451 | 0.0970 | 1.2609 | 18.7747 | 0.2547 | 0.9227 | 4.2306 | 12.6105 | 0.3272 | 0.8721 | 0.3398 | 42.2924 | 68.0512 | 0.1275 | 0.6757 | 2.9171
61 | 3.3141 | 0.3768 | 0.7450 | 0.0966 | 1.2612 | 18.6467 | 0.2548 | 0.9224 | 4.2318 | 12.5979 | 0.3271 | 0.8719 | 0.3393 | 42.2826 | 67.9420 | 0.1276 | 0.6761 | 2.9186
62 | 3.3036 | 0.3767 | 0.7449 | 0.0964 | 1.2613 | 18.5445 | 0.2549 | 0.9220 | 4.2332 | 12.5787 | 0.3270 | 0.8718 | 0.3387 | 42.2164 | 67.8247 | 0.1278 | 0.6762 | 2.9205
63 | 3.2934 | 0.3766 | 0.7449 | 0.0961 | 1.2614 | 18.4475 | 0.2550 | 0.9217 | 4.2345 | 12.5650 | 0.3269 | 0.8716 | 0.3380 | 42.2361 | 67.6770 | 0.1279 | 0.6766 | 2.9225
64 | 3.2847 | 0.3764 | 0.7448 | 0.0959 | 1.2616 | 18.3630 | 0.2551 | 0.9213 | 4.2357 | 12.5493 | 0.3269 | 0.8714 | 0.3373 | 42.1889 | 67.5761 | 0.1281 | 0.6773 | 2.9246
65 | 3.2765 | 0.3763 | 0.7447 | 0.0957 | 1.2618 | 18.2841 | 0.2551 | 0.9210 | 4.2365 | 12.5386 | 0.3268 | 0.8713 | 0.3366 | 42.1976 | 67.4693 | 0.1283 | 0.6778 | 2.9254
66 | 3.2669 | 0.3762 | 0.7447 | 0.0953 | 1.2618 | 18.1928 | 0.2552 | 0.9207 | 4.2374 | 12.5206 | 0.3267 | 0.8711 | 0.3361 | 42.1613 | 67.3321 | 0.1284 | 0.6781 | 2.9272
67 | 3.2597 | 0.3762 | 0.7446 | 0.0951 | 1.2619 | 18.1231 | 0.2553 | 0.9203 | 4.2381 | 12.5041 | 0.3266 | 0.8710 | 0.3354 | 42.1528 | 67.1836 | 0.1286 | 0.6786 | 2.9283
68 | 3.2532 | 0.3761 | 0.7446 | 0.0949 | 1.2620 | 18.0611 | 0.2553 | 0.9200 | 4.2386 | 12.4947 | 0.3266 | 0.8709 | 0.3349 | 42.1899 | 67.0583 | 0.1286 | 0.6785 | 2.9303
69 | 3.2462 | 0.3760 | 0.7445 | 0.0947 | 1.2622 | 17.9946 | 0.2553 | 0.9196 | 4.2390 | 12.4713 | 0.3265 | 0.8707 | 0.3344 | 42.0950 | 66.9267 | 0.1288 | 0.6790 | 2.9313
70 | 3.2408 | 0.3759 | 0.7445 | 0.0945 | 1.2622 | 17.9429 | 0.2554 | 0.9193 | 4.2393 | 12.4699 | 0.3264 | 0.8706 | 0.3340 | 42.1715 | 66.8422 | 0.1289 | 0.6792 | 2.9327
71 | 3.2352 | 0.3759 | 0.7445 | 0.0943 | 1.2623 | 17.8891 | 0.2554 | 0.9189 | 4.2396 | 12.4499 | 0.3264 | 0.8706 | 0.3335 | 42.1422 | 66.6760 | 0.1290 | 0.6791 | 2.9338
72 | 3.2297 | 0.3758 | 0.7444 | 0.0941 | 1.2623 | 17.8366 | 0.2554 | 0.9188 | 4.2401 | 12.4340 | 0.3263 | 0.8704 | 0.3330 | 42.0829 | 66.5832 | 0.1291 | 0.6798 | 2.9351
73 | 3.2257 | 0.3758 | 0.7444 | 0.0940 | 1.2625 | 17.7981 | 0.2554 | 0.9186 | 4.2404 | 12.4222 | 0.3263 | 0.8703 | 0.3325 | 42.0710 | 66.4835 | 0.1292 | 0.6799 | 2.9364
74 | 3.2208 | 0.3757 | 0.7444 | 0.0938 | 1.2624 | 17.7520 | 0.2555 | 0.9185 | 4.2406 | 12.4168 | 0.3263 | 0.8702 | 0.3323 | 42.0651 | 66.4387 | 0.1293 | 0.6802 | 2.9373
75 | 3.2169 | 0.3757 | 0.7444 | 0.0937 | 1.2624 | 17.7145 | 0.2555 | 0.9183 | 4.2405 | 12.4111 | 0.3262 | 0.8702 | 0.3319 | 42.1118 | 66.3383 | 0.1294 | 0.6802 | 2.9379
76 | 3.2138 | 0.3757 | 0.7444 | 0.0936 | 1.2626 | 17.6852 | 0.2555 | 0.9181 | 4.2406 | 12.4011 | 0.3262 | 0.8701 | 0.3317 | 42.0613 | 66.2925 | 0.1294 | 0.6803 | 2.9391
77 | 3.2109 | 0.3756 | 0.7444 | 0.0935 | 1.2626 | 17.6564 | 0.2554 | 0.9179 | 4.2402 | 12.3996 | 0.3261 | 0.8700 | 0.3314 | 42.1101 | 66.2318 | 0.1295 | 0.6807 | 2.9392
78 | 3.2075 | 0.3756 | 0.7444 | 0.0934 | 1.2625 | 17.6247 | 0.2554 | 0.9178 | 4.2397 | 12.3896 | 0.3261 | 0.8700 | 0.3310 | 42.1111 | 66.1348 | 0.1295 | 0.6805 | 2.9402
79 | 3.2046 | 0.3756 | 0.7445 | 0.0933 | 1.2625 | 17.5963 | 0.2554 | 0.9176 | 4.2390 | 12.3815 | 0.3261 | 0.8700 | 0.3309 | 42.0803 | 66.0875 | 0.1296 | 0.6809 | 2.9405
80 | 3.2019 | 0.3756 | 0.7445 | 0.0932 | 1.2624 | 17.5708 | 0.2553 | 0.9175 | 4.2383 | 12.3751 | 0.3261 | 0.8699 | 0.3306 | 42.0738 | 66.0324 | 0.1296 | 0.6809 | 2.9408
81 | 3.2000 | 0.3755 | 0.7446 | 0.0931 | 1.2626 | 17.5525 | 0.2553 | 0.9172 | 4.2372 | 12.3688 | 0.3261 | 0.8699 | 0.3304 | 42.0958 | 65.9490 | 0.1297 | 0.6810 | 2.9413
82 | 3.1976 | 0.3755 | 0.7446 | 0.0930 | 1.2625 | 17.5296 | 0.2552 | 0.9170 | 4.2363 | 12.3641 | 0.3260 | 0.8699 | 0.3303 | 42.0938 | 65.9066 | 0.1296 | 0.6808 | 2.9415
83 | 3.1956 | 0.3755 | 0.7447 | 0.0929 | 1.2624 | 17.5107 | 0.2551 | 0.9168 | 4.2350 | 12.3584 | 0.3260 | 0.8699 | 0.3302 | 42.0851 | 65.8592 | 0.1297 | 0.6809 | 2.9416
84 | 3.1943 | 0.3755 | 0.7448 | 0.0929 | 1.2624 | 17.4986 | 0.2551 | 0.9166 | 4.2340 | 12.3552 | 0.3260 | 0.8699 | 0.3299 | 42.0870 | 65.8281 | 0.1297 | 0.6809 | 2.9413
85 | 3.1924 | 0.3755 | 0.7449 | 0.0928 | 1.2622 | 17.4807 | 0.2550 | 0.9164 | 4.2326 | 12.3450 | 0.3260 | 0.8698 | 0.3298 | 42.0621 | 65.7526 | 0.1297 | 0.6810 | 2.9419
86 | 3.1909 | 0.3755 | 0.7448 | 0.0927 | 1.2624 | 17.4662 | 0.2550 | 0.9164 | 4.2334 | 12.3440 | 0.3260 | 0.8697 | 0.3296 | 42.0667 | 65.7417 | 0.1299 | 0.6812 | 2.9436
87 | 3.1899 | 0.3755 | 0.7447 | 0.0927 | 1.2626 | 17.4563 | 0.2551 | 0.9164 | 4.2349 | 12.3494 | 0.3259 | 0.8696 | 0.3295 | 42.1087 | 65.7550 | 0.1299 | 0.6813 | 2.9448
88 | 3.1884 | 0.3755 | 0.7446 | 0.0926 | 1.2626 | 17.4425 | 0.2552 | 0.9165 | 4.2360 | 12.3486 | 0.3259 | 0.8696 | 0.3295 | 42.1105 | 65.7464 | 0.1300 | 0.6814 | 2.9459
89 | 3.1876 | 0.3755 | 0.7446 | 0.0926 | 1.2628 | 17.4346 | 0.2553 | 0.9164 | 4.2370 | 12.3507 | 0.3258 | 0.8695 | 0.3294 | 42.1321 | 65.7463 | 0.1300 | 0.6812 | 2.9468
90 | 3.1861 | 0.3754 | 0.7445 | 0.0926 | 1.2626 | 17.4205 | 0.2553 | 0.9165 | 4.2378 | 12.3454 | 0.3258 | 0.8694 | 0.3295 | 42.0974 | 65.7286 | 0.1301 | 0.6816 | 2.9476
91 | 3.1857 | 0.3754 | 0.7445 | 0.0925 | 1.2627 | 17.4165 | 0.2554 | 0.9165 | 4.2384 | 12.3385 | 0.3258 | 0.8694 | 0.3293 | 42.0378 | 65.7198 | 0.1301 | 0.6815 | 2.9484
92 | 3.1858 | 0.3754 | 0.7445 | 0.0926 | 1.2629 | 17.4168 | 0.2554 | 0.9164 | 4.2391 | 12.3433 | 0.3258 | 0.8694 | 0.3294 | 42.1002 | 65.7061 | 0.1301 | 0.6814 | 2.9487
93 | 3.1853 | 0.3754 | 0.7444 | 0.0926 | 1.2628 | 17.4122 | 0.2554 | 0.9164 | 4.2393 | 12.3427 | 0.3257 | 0.8694 | 0.3293 | 42.0771 | 65.7237 | 0.1302 | 0.6816 | 2.9491
94 | 3.1849 | 0.3754 | 0.7444 | 0.0926 | 1.2628 | 17.4086 | 0.2554 | 0.9164 | 4.2395 | 12.3430 | 0.3258 | 0.8694 | 0.3292 | 42.1004 | 65.7042 | 0.1302 | 0.6814 | 2.9494
95 | 3.1851 | 0.3754 | 0.7444 | 0.0926 | 1.2630 | 17.4106 | 0.2555 | 0.9164 | 4.2399 | 12.3448 | 0.3257 | 0.8694 | 0.3292 | 42.1218 | 65.7014 | 0.1302 | 0.6814 | 2.9495
96 | 3.1843 | 0.3754 | 0.7444 | 0.0926 | 1.2628 | 17.4026 | 0.2555 | 0.9164 | 4.2400 | 12.3396 | 0.3257 | 0.8693 | 0.3293 | 42.0821 | 65.6884 | 0.1302 | 0.6816 | 2.9496
97 | 3.1840 | 0.3754 | 0.7444 | 0.0926 | 1.2626 | 17.3999 | 0.2555 | 0.9164 | 4.2401 | 12.3409 | 0.3258 | 0.8694 | 0.3292 | 42.0959 | 65.6877 | 0.1302 | 0.6815 | 2.9498
98 | 3.1846 | 0.3754 | 0.7444 | 0.0926 | 1.2629 | 17.4052 | 0.2555 | 0.9164 | 4.2400 | 12.3424 | 0.3257 | 0.8693 | 0.3292 | 42.1010 | 65.6976 | 0.1302 | 0.6816 | 2.9497
99 | 3.1844 | 0.3754 | 0.7444 | 0.0925 | 1.2629 | 17.4043 | 0.2555 | 0.9164 | 4.2400 | 12.3419 | 0.3257 | 0.8693 | 0.3292 | 42.0995 | 65.6946 | 0.1302 | 0.6816 | 2.9497
100 | 3.1841 | 0.3754 | 0.7444 | 0.0925 | 1.2628 | 17.4012 | 0.2555 | 0.9164 | 4.2400 | 12.3425 | 0.3258 | 0.8693 | 0.3293 | 42.1016 | 65.6984 | 0.1302 | 0.6817 | 2.9496
epoch | loss | sim_loss | var_pred | var_target | cov_pred | cov_target | feat_std | feat_std_ctx | feat_norm | val_loss | val_sim_loss | val_var_pred | val_var_target | val_cov_pred | val_cov_target | val_feat_std | val_feat_std_ctx | val_feat_norm
1 | 4.2853 | 0.3718 | 0.7538 | 0.2041 | 1.4264 | 27.0772 | 0.2460 | 0.8459 | 4.2296 | 11.4056 | 0.3216 | 0.8572 | 0.3060 | 38.9318 | 59.8571 | 0.1424 | 0.7203 | 3.0390
2 | 2.4621 | 0.3555 | 0.7297 | 0.0971 | 1.3119 | 10.2737 | 0.2702 | 0.9133 | 4.4723 | 8.3182 | 0.3088 | 0.8289 | 0.2399 | 28.7162 | 40.1076 | 0.1708 | 0.7565 | 3.4021
3 | 1.9134 | 0.3370 | 0.7198 | 0.0901 | 1.3396 | 5.0025 | 0.2801 | 0.8753 | 4.6308 | 5.2158 | 0.2933 | 0.7770 | 0.1766 | 16.0984 | 22.6627 | 0.2228 | 0.7762 | 4.0377
4 | 1.7012 | 0.3107 | 0.7040 | 0.0796 | 1.3505 | 3.2143 | 0.2959 | 0.8283 | 4.8734 | 4.7373 | 0.2729 | 0.7326 | 0.1415 | 13.4391 | 21.1204 | 0.2672 | 0.7488 | 4.6579
5 | 1.6094 | 0.2901 | 0.6918 | 0.0719 | 1.3639 | 2.5424 | 0.3081 | 0.7627 | 5.0562 | 4.4685 | 0.2624 | 0.7101 | 0.1312 | 11.8319 | 20.2262 | 0.2898 | 0.6821 | 4.9828
6 | 1.5665 | 0.2795 | 0.6859 | 0.0698 | 1.3603 | 2.2314 | 0.3141 | 0.6798 | 5.1444 | 4.3252 | 0.2548 | 0.6983 | 0.1232 | 11.4467 | 19.3133 | 0.3016 | 0.6067 | 5.1513
7 | 1.5327 | 0.2740 | 0.6818 | 0.0646 | 1.3570 | 1.9934 | 0.3181 | 0.5970 | 5.2050 | 4.2036 | 0.2505 | 0.6924 | 0.1113 | 11.0791 | 18.6163 | 0.3075 | 0.5328 | 5.2352
8 | 1.5018 | 0.2707 | 0.6786 | 0.0537 | 1.3559 | 1.8172 | 0.3213 | 0.5228 | 5.2532 | 4.1156 | 0.2481 | 0.6888 | 0.1024 | 11.0175 | 17.9080 | 0.3112 | 0.4715 | 5.2817
9 | 1.4829 | 0.2703 | 0.6772 | 0.0459 | 1.3581 | 1.7046 | 0.3227 | 0.4632 | 5.2741 | 4.0809 | 0.2488 | 0.6878 | 0.0968 | 11.1563 | 17.4784 | 0.3122 | 0.4221 | 5.2809
10 | 1.4740 | 0.2704 | 0.6769 | 0.0425 | 1.3616 | 1.6432 | 0.3230 | 0.4171 | 5.2782 | 4.1548 | 0.2488 | 0.6885 | 0.0957 | 11.6220 | 17.7642 | 0.3114 | 0.3855 | 5.2714
11 | 1.4682 | 0.2707 | 0.6767 | 0.0402 | 1.3653 | 1.6031 | 0.3233 | 0.3854 | 5.2800 | 4.1133 | 0.2473 | 0.6866 | 0.0921 | 11.8124 | 17.2125 | 0.3134 | 0.3625 | 5.2906
12 | 1.4628 | 0.2703 | 0.6765 | 0.0388 | 1.3668 | 1.5654 | 0.3235 | 0.3674 | 5.2814 | 4.1024 | 0.2471 | 0.6872 | 0.0920 | 11.8296 | 17.0953 | 0.3127 | 0.3510 | 5.2735
13 | 1.4588 | 0.2697 | 0.6763 | 0.0382 | 1.3706 | 1.5347 | 0.3237 | 0.3606 | 5.2829 | 4.1100 | 0.2469 | 0.6870 | 0.0919 | 12.0144 | 16.9913 | 0.3129 | 0.3473 | 5.2741
14 | 1.4558 | 0.2696 | 0.6764 | 0.0380 | 1.3725 | 1.5060 | 0.3236 | 0.3578 | 5.2803 | 4.0449 | 0.2456 | 0.6864 | 0.0900 | 11.8900 | 16.5005 | 0.3135 | 0.3459 | 5.2757
15 | 1.4505 | 0.2695 | 0.6765 | 0.0373 | 1.3699 | 1.4644 | 0.3235 | 0.3582 | 5.2786 | 3.8048 | 0.2450 | 0.6862 | 0.0860 | 11.6048 | 14.4385 | 0.3137 | 0.3491 | 5.2694
16 | 1.4410 | 0.2689 | 0.6764 | 0.0376 | 1.3662 | 1.3766 | 0.3235 | 0.3616 | 5.2810 | 3.5124 | 0.2430 | 0.6850 | 0.0807 | 10.7194 | 12.4816 | 0.3149 | 0.3550 | 5.2782
17 | 1.4368 | 0.2683 | 0.6764 | 0.0370 | 1.3646 | 1.3477 | 0.3236 | 0.3648 | 5.2822 | 3.5164 | 0.2418 | 0.6846 | 0.0799 | 10.8360 | 12.4194 | 0.3153 | 0.3577 | 5.2893
18 | 1.4367 | 0.2676 | 0.6763 | 0.0379 | 1.3650 | 1.3432 | 0.3236 | 0.3687 | 5.2844 | 3.4244 | 0.2410 | 0.6843 | 0.0796 | 10.4509 | 11.8959 | 0.3157 | 0.3620 | 5.2942
19 | 1.4375 | 0.2672 | 0.6765 | 0.0395 | 1.3656 | 1.3386 | 0.3234 | 0.3723 | 5.2833 | 3.3676 | 0.2407 | 0.6845 | 0.0788 | 10.0694 | 11.7230 | 0.3154 | 0.3661 | 5.2883
20 | 1.4381 | 0.2668 | 0.6765 | 0.0408 | 1.3633 | 1.3373 | 0.3234 | 0.3766 | 5.2846 | 3.2650 | 0.2405 | 0.6839 | 0.0799 | 9.6966 | 11.0673 | 0.3160 | 0.3712 | 5.2881
21 | 1.4369 | 0.2668 | 0.6768 | 0.0418 | 1.3576 | 1.3208 | 0.3232 | 0.3811 | 5.2818 | 3.2019 | 0.2395 | 0.6826 | 0.0788 | 9.4863 | 10.6621 | 0.3173 | 0.3752 | 5.3097
22 | 1.4372 | 0.2664 | 0.6767 | 0.0430 | 1.3559 | 1.3158 | 0.3232 | 0.3847 | 5.2840 | 3.1964 | 0.2394 | 0.6833 | 0.0792 | 9.4829 | 10.6092 | 0.3166 | 0.3787 | 5.2993
23 | 1.4387 | 0.2665 | 0.6767 | 0.0448 | 1.3569 | 1.3107 | 0.3232 | 0.3888 | 5.2851 | 3.1812 | 0.2404 | 0.6835 | 0.0815 | 9.4373 | 10.4682 | 0.3164 | 0.3824 | 5.3000
24 | 1.4402 | 0.2663 | 0.6769 | 0.0477 | 1.3539 | 1.3001 | 0.3231 | 0.3919 | 5.2840 | 3.1325 | 0.2394 | 0.6839 | 0.0847 | 9.2275 | 10.1764 | 0.3160 | 0.3851 | 5.2874
25 | 1.4450 | 0.2661 | 0.6774 | 0.0532 | 1.3532 | 1.2969 | 0.3225 | 0.3947 | 5.2757 | 3.1399 | 0.2399 | 0.6849 | 0.0914 | 9.1949 | 10.2089 | 0.3151 | 0.3873 | 5.2780
26 | 1.4518 | 0.2651 | 0.6781 | 0.0614 | 1.3520 | 1.2965 | 0.3219 | 0.3964 | 5.2664 | 3.1599 | 0.2378 | 0.6848 | 0.0982 | 9.3314 | 10.2227 | 0.3151 | 0.3873 | 5.2838
27 | 1.4584 | 0.2641 | 0.6789 | 0.0688 | 1.3521 | 1.3016 | 0.3210 | 0.3971 | 5.2536 | 3.1712 | 0.2372 | 0.6860 | 0.1034 | 9.3276 | 10.2980 | 0.3139 | 0.3889 | 5.2639
28 | 1.4634 | 0.2629 | 0.6797 | 0.0749 | 1.3506 | 1.3063 | 0.3202 | 0.3980 | 5.2409 | 3.1780 | 0.2361 | 0.6875 | 0.1090 | 9.3111 | 10.3398 | 0.3124 | 0.3892 | 5.2426
29 | 1.4687 | 0.2615 | 0.6805 | 0.0816 | 1.3501 | 1.3100 | 0.3194 | 0.3985 | 5.2281 | 3.1483 | 0.2349 | 0.6875 | 0.1130 | 9.2621 | 10.0638 | 0.3124 | 0.3899 | 5.2424
30 | 1.4731 | 0.2598 | 0.6811 | 0.0879 | 1.3507 | 1.3091 | 0.3188 | 0.3994 | 5.2184 | 3.1584 | 0.2340 | 0.6873 | 0.1191 | 9.2822 | 10.0902 | 0.3126 | 0.3909 | 5.2486
31 | 1.4759 | 0.2587 | 0.6817 | 0.0931 | 1.3515 | 1.2990 | 0.3182 | 0.3996 | 5.2081 | 3.1628 | 0.2335 | 0.6891 | 0.1231 | 9.3092 | 10.0821 | 0.3108 | 0.3903 | 5.2149
32 | 1.4813 | 0.2574 | 0.6825 | 0.0998 | 1.3507 | 1.3025 | 0.3174 | 0.3991 | 5.1958 | 3.1561 | 0.2311 | 0.6896 | 0.1290 | 9.3250 | 9.9574 | 0.3103 | 0.3911 | 5.2165
33 | 1.4867 | 0.2553 | 0.6831 | 0.1073 | 1.3494 | 1.3055 | 0.3168 | 0.3996 | 5.1870 | 3.1448 | 0.2302 | 0.6904 | 0.1358 | 9.1735 | 9.9476 | 0.3095 | 0.3910 | 5.1953
34 | 1.4925 | 0.2539 | 0.6838 | 0.1143 | 1.3500 | 1.3071 | 0.3161 | 0.3993 | 5.1763 | 3.1888 | 0.2282 | 0.6918 | 0.1449 | 9.4379 | 10.0474 | 0.3081 | 0.3895 | 5.1850
35 | 1.4971 | 0.2522 | 0.6846 | 0.1211 | 1.3479 | 1.3066 | 0.3153 | 0.3992 | 5.1649 | 3.1833 | 0.2268 | 0.6924 | 0.1491 | 9.3875 | 10.0155 | 0.3075 | 0.3896 | 5.1763
36 | 1.4984 | 0.2509 | 0.6850 | 0.1246 | 1.3452 | 1.3001 | 0.3149 | 0.3999 | 5.1591 | 3.1537 | 0.2259 | 0.6933 | 0.1519 | 9.2150 | 9.8751 | 0.3066 | 0.3913 | 5.1630
37 | 1.4994 | 0.2502 | 0.6854 | 0.1270 | 1.3405 | 1.2995 | 0.3145 | 0.4019 | 5.1535 | 3.1295 | 0.2253 | 0.6928 | 0.1536 | 9.0052 | 9.8292 | 0.3071 | 0.3926 | 5.1720
38 | 1.5019 | 0.2502 | 0.6853 | 0.1286 | 1.3389 | 1.3084 | 0.3147 | 0.4012 | 5.1570 | 3.1443 | 0.2250 | 0.6928 | 0.1543 | 9.0402 | 9.9357 | 0.3071 | 0.3911 | 5.1749
39 | 1.5028 | 0.2509 | 0.6850 | 0.1278 | 1.3346 | 1.3204 | 0.3149 | 0.4006 | 5.1634 | 3.1607 | 0.2268 | 0.6921 | 0.1513 | 9.0787 | 10.0699 | 0.3078 | 0.3918 | 5.1873
40 | 1.5020 | 0.2518 | 0.6844 | 0.1245 | 1.3336 | 1.3348 | 0.3156 | 0.4019 | 5.1746 | 3.1916 | 0.2273 | 0.6913 | 0.1484 | 9.2736 | 10.2059 | 0.3086 | 0.3938 | 5.1987
41 | 1.5020 | 0.2519 | 0.6842 | 0.1235 | 1.3324 | 1.3424 | 0.3157 | 0.4036 | 5.1781 | 3.1724 | 0.2273 | 0.6908 | 0.1459 | 9.1416 | 10.1689 | 0.3091 | 0.3952 | 5.2079
42 | 1.4998 | 0.2525 | 0.6840 | 0.1205 | 1.3320 | 1.3443 | 0.3159 | 0.4040 | 5.1821 | 3.1558 | 0.2293 | 0.6919 | 0.1452 | 9.0446 | 10.0899 | 0.3080 | 0.3942 | 5.1908
43 | 1.5002 | 0.2525 | 0.6840 | 0.1202 | 1.3330 | 1.3483 | 0.3159 | 0.4026 | 5.1839 | 3.2054 | 0.2272 | 0.6908 | 0.1451 | 9.3689 | 10.2767 | 0.3091 | 0.3929 | 5.2126
44 | 1.5008 | 0.2525 | 0.6840 | 0.1206 | 1.3352 | 1.3476 | 0.3159 | 0.4021 | 5.1852 | 3.2347 | 0.2272 | 0.6915 | 0.1464 | 9.4889 | 10.4386 | 0.3085 | 0.3929 | 5.2032
45 | 1.5011 | 0.2528 | 0.6841 | 0.1212 | 1.3349 | 1.3428 | 0.3158 | 0.4027 | 5.1831 | 3.2051 | 0.2290 | 0.6912 | 0.1467 | 9.3575 | 10.2489 | 0.3088 | 0.3934 | 5.2119
46 | 1.5038 | 0.2526 | 0.6844 | 0.1236 | 1.3354 | 1.3467 | 0.3155 | 0.4037 | 5.1787 | 3.2020 | 0.2280 | 0.6921 | 0.1512 | 9.2659 | 10.2818 | 0.3078 | 0.3951 | 5.1914
47 | 1.5060 | 0.2524 | 0.6847 | 0.1259 | 1.3345 | 1.3496 | 0.3152 | 0.4049 | 5.1746 | 3.1973 | 0.2277 | 0.6926 | 0.1518 | 9.2064 | 10.2913 | 0.3073 | 0.3963 | 5.1843
48 | 1.5082 | 0.2515 | 0.6848 | 0.1288 | 1.3331 | 1.3540 | 0.3151 | 0.4070 | 5.1716 | 3.2288 | 0.2262 | 0.6921 | 0.1529 | 9.4009 | 10.4118 | 0.3078 | 0.3988 | 5.1962
49 | 1.5098 | 0.2509 | 0.6850 | 0.1305 | 1.3320 | 1.3602 | 0.3149 | 0.4088 | 5.1689 | 3.2440 | 0.2246 | 0.6925 | 0.1582 | 9.4471 | 10.4818 | 0.3074 | 0.3995 | 5.1896
50 | 1.5142 | 0.2495 | 0.6855 | 0.1359 | 1.3323 | 1.3660 | 0.3144 | 0.4099 | 5.1611 | 3.2323 | 0.2251 | 0.6935 | 0.1635 | 9.3334 | 10.4236 | 0.3065 | 0.4004 | 5.1733
51 | 1.5168 | 0.2485 | 0.6858 | 0.1392 | 1.3311 | 1.3709 | 0.3141 | 0.4127 | 5.1554 | 3.2190 | 0.2237 | 0.6937 | 0.1636 | 9.3965 | 10.2373 | 0.3062 | 0.4039 | 5.1731
52 | 1.5184 | 0.2480 | 0.6862 | 0.1416 | 1.3294 | 1.3708 | 0.3138 | 0.4153 | 5.1504 | 3.1868 | 0.2229 | 0.6937 | 0.1645 | 9.2267 | 10.0870 | 0.3062 | 0.4073 | 5.1720
53 | 1.5179 | 0.2476 | 0.6861 | 0.1423 | 1.3273 | 1.3651 | 0.3138 | 0.4186 | 5.1515 | 3.1937 | 0.2218 | 0.6925 | 0.1657 | 9.2654 | 10.1193 | 0.3074 | 0.4111 | 5.1828
54 | 1.5193 | 0.2473 | 0.6862 | 0.1436 | 1.3272 | 1.3673 | 0.3137 | 0.4216 | 5.1516 | 3.1808 | 0.2230 | 0.6931 | 0.1663 | 9.1568 | 10.0838 | 0.3068 | 0.4133 | 5.1724
55 | 1.5211 | 0.2477 | 0.6864 | 0.1442 | 1.3268 | 1.3747 | 0.3136 | 0.4241 | 5.1508 | 3.1988 | 0.2236 | 0.6941 | 0.1676 | 9.2295 | 10.1679 | 0.3058 | 0.4159 | 5.1663
56 | 1.5209 | 0.2483 | 0.6863 | 0.1434 | 1.3255 | 1.3746 | 0.3136 | 0.4260 | 5.1532 | 3.1951 | 0.2236 | 0.6947 | 0.1676 | 9.2083 | 10.1507 | 0.3052 | 0.4158 | 5.1595
57 | 1.5207 | 0.2493 | 0.6863 | 0.1421 | 1.3238 | 1.3769 | 0.3136 | 0.4268 | 5.1553 | 3.1566 | 0.2264 | 0.6932 | 0.1644 | 9.0314 | 9.9486 | 0.3067 | 0.4177 | 5.1743
58 | 1.5192 | 0.2500 | 0.6859 | 0.1404 | 1.3211 | 1.3712 | 0.3140 | 0.4278 | 5.1619 | 3.1599 | 0.2258 | 0.6936 | 0.1650 | 9.0771 | 9.9300 | 0.3063 | 0.4186 | 5.1764
59 | 1.5193 | 0.2504 | 0.6856 | 0.1402 | 1.3210 | 1.3689 | 0.3143 | 0.4292 | 5.1680 | 3.1617 | 0.2258 | 0.6928 | 0.1645 | 9.0534 | 9.9738 | 0.3071 | 0.4200 | 5.1896
60 | 1.5194 | 0.2512 | 0.6854 | 0.1392 | 1.3211 | 1.3714 | 0.3145 | 0.4313 | 5.1718 | 3.1690 | 0.2276 | 0.6926 | 0.1625 | 9.0893 | 10.0082 | 0.3074 | 0.4215 | 5.1990
61 | 1.5198 | 0.2517 | 0.6853 | 0.1383 | 1.3208 | 1.3796 | 0.3146 | 0.4328 | 5.1726 | 3.1722 | 0.2269 | 0.6929 | 0.1623 | 9.1350 | 10.0077 | 0.3071 | 0.4227 | 5.1900
62 | 1.5196 | 0.2521 | 0.6852 | 0.1370 | 1.3202 | 1.3858 | 0.3147 | 0.4344 | 5.1750 | 3.1725 | 0.2275 | 0.6928 | 0.1611 | 9.1259 | 10.0238 | 0.3072 | 0.4244 | 5.1936
63 | 1.5188 | 0.2524 | 0.6851 | 0.1356 | 1.3184 | 1.3897 | 0.3149 | 0.4359 | 5.1769 | 3.1576 | 0.2277 | 0.6928 | 0.1599 | 9.0684 | 9.9426 | 0.3072 | 0.4265 | 5.1924
64 | 1.5181 | 0.2527 | 0.6850 | 0.1343 | 1.3174 | 1.3946 | 0.3149 | 0.4375 | 5.1777 | 3.1553 | 0.2280 | 0.6924 | 0.1586 | 9.1040 | 9.8947 | 0.3075 | 0.4286 | 5.1959
65 | 1.5182 | 0.2526 | 0.6848 | 0.1336 | 1.3166 | 1.4036 | 0.3151 | 0.4394 | 5.1815 | 3.1569 | 0.2279 | 0.6916 | 0.1577 | 9.0715 | 9.9546 | 0.3083 | 0.4303 | 5.2050
66 | 1.5188 | 0.2522 | 0.6847 | 0.1341 | 1.3168 | 1.4075 | 0.3153 | 0.4404 | 5.1838 | 3.1672 | 0.2281 | 0.6918 | 0.1583 | 9.1040 | 10.0166 | 0.3081 | 0.4308 | 5.2028
67 | 1.5190 | 0.2521 | 0.6846 | 0.1342 | 1.3165 | 1.4109 | 0.3153 | 0.4412 | 5.1844 | 3.1511 | 0.2276 | 0.6916 | 0.1580 | 9.0257 | 9.9423 | 0.3083 | 0.4322 | 5.2045
68 | 1.5196 | 0.2517 | 0.6846 | 0.1346 | 1.3157 | 1.4172 | 0.3154 | 0.4418 | 5.1852 | 3.1591 | 0.2269 | 0.6917 | 0.1601 | 9.0412 | 9.9912 | 0.3082 | 0.4319 | 5.2064
69 | 1.5211 | 0.2512 | 0.6846 | 0.1361 | 1.3151 | 1.4223 | 0.3153 | 0.4421 | 5.1839 | 3.1713 | 0.2265 | 0.6925 | 0.1622 | 9.0983 | 10.0361 | 0.3074 | 0.4316 | 5.1987
70 | 1.5227 | 0.2509 | 0.6847 | 0.1370 | 1.3146 | 1.4320 | 0.3152 | 0.4425 | 5.1830 | 3.1722 | 0.2270 | 0.6920 | 0.1628 | 9.0746 | 10.0627 | 0.3079 | 0.4324 | 5.1996
71 | 1.5240 | 0.2507 | 0.6848 | 0.1380 | 1.3136 | 1.4400 | 0.3151 | 0.4430 | 5.1812 | 3.1784 | 0.2259 | 0.6924 | 0.1653 | 9.1294 | 10.0516 | 0.3075 | 0.4331 | 5.1996
72 | 1.5250 | 0.2503 | 0.6850 | 0.1395 | 1.3116 | 1.4393 | 0.3149 | 0.4431 | 5.1784 | 3.1737 | 0.2261 | 0.6925 | 0.1668 | 9.0925 | 10.0253 | 0.3074 | 0.4325 | 5.1972
73 | 1.5258 | 0.2501 | 0.6852 | 0.1408 | 1.3105 | 1.4388 | 0.3147 | 0.4429 | 5.1759 | 3.1615 | 0.2253 | 0.6927 | 0.1687 | 8.9910 | 9.9938 | 0.3072 | 0.4317 | 5.1945
74 | 1.5272 | 0.2496 | 0.6853 | 0.1421 | 1.3096 | 1.4447 | 0.3146 | 0.4431 | 5.1742 | 3.1531 | 0.2251 | 0.6928 | 0.1693 | 8.9440 | 9.9557 | 0.3071 | 0.4330 | 5.1895
75 | 1.5272 | 0.2494 | 0.6853 | 0.1425 | 1.3081 | 1.4444 | 0.3146 | 0.4433 | 5.1748 | 3.1516 | 0.2242 | 0.6925 | 0.1705 | 8.9532 | 9.9234 | 0.3074 | 0.4329 | 5.1996
76 | 1.5284 | 0.2488 | 0.6854 | 0.1441 | 1.3067 | 1.4473 | 0.3146 | 0.4432 | 5.1749 | 3.1584 | 0.2243 | 0.6925 | 0.1722 | 8.9645 | 9.9610 | 0.3074 | 0.4325 | 5.2001
77 | 1.5302 | 0.2481 | 0.6854 | 0.1456 | 1.3062 | 1.4574 | 0.3145 | 0.4429 | 5.1748 | 3.1511 | 0.2241 | 0.6927 | 0.1736 | 8.8869 | 9.9552 | 0.3072 | 0.4324 | 5.1974
78 | 1.5333 | 0.2473 | 0.6856 | 0.1480 | 1.3059 | 1.4725 | 0.3143 | 0.4426 | 5.1725 | 3.1599 | 0.2245 | 0.6933 | 0.1763 | 8.9118 | 9.9854 | 0.3067 | 0.4321 | 5.1916
79 | 1.5372 | 0.2465 | 0.6858 | 0.1502 | 1.3043 | 1.4984 | 0.3142 | 0.4422 | 5.1699 | 3.1710 | 0.2224 | 0.6928 | 0.1784 | 9.0021 | 10.0027 | 0.3071 | 0.4316 | 5.2013
80 | 1.5419 | 0.2457 | 0.6860 | 0.1525 | 1.3036 | 1.5317 | 0.3139 | 0.4414 | 5.1667 | 3.1667 | 0.2218 | 0.6937 | 0.1807 | 8.9242 | 10.0215 | 0.3063 | 0.4302 | 5.1903
81 | 1.5463 | 0.2450 | 0.6863 | 0.1549 | 1.3027 | 1.5602 | 0.3137 | 0.4404 | 5.1632 | 3.1676 | 0.2208 | 0.6937 | 0.1839 | 8.9166 | 10.0200 | 0.3062 | 0.4299 | 5.1845
82 | 1.5508 | 0.2440 | 0.6866 | 0.1579 | 1.3012 | 1.5862 | 0.3133 | 0.4395 | 5.1584 | 3.1780 | 0.2205 | 0.6941 | 0.1870 | 8.9738 | 10.0385 | 0.3058 | 0.4292 | 5.1809
83 | 1.5554 | 0.2431 | 0.6870 | 0.1612 | 1.3006 | 1.6104 | 0.3130 | 0.4385 | 5.1531 | 3.1724 | 0.2197 | 0.6950 | 0.1901 | 8.8950 | 10.0372 | 0.3049 | 0.4281 | 5.1694
84 | 1.5599 | 0.2423 | 0.6873 | 0.1643 | 1.2992 | 1.6350 | 0.3126 | 0.4374 | 5.1478 | 3.1717 | 0.2189 | 0.6950 | 0.1929 | 8.8595 | 10.0474 | 0.3049 | 0.4268 | 5.1676
85 | 1.5652 | 0.2414 | 0.6877 | 0.1678 | 1.2979 | 1.6635 | 0.3122 | 0.4361 | 5.1421 | 3.1784 | 0.2181 | 0.6955 | 0.1966 | 8.8957 | 10.0493 | 0.3044 | 0.4252 | 5.1622
86 | 1.5707 | 0.2404 | 0.6881 | 0.1713 | 1.2970 | 1.6947 | 0.3119 | 0.4348 | 5.1361 | 3.1891 | 0.2173 | 0.6960 | 0.1999 | 8.9227 | 10.1045 | 0.3039 | 0.4237 | 5.1558
87 | 1.5768 | 0.2394 | 0.6885 | 0.1753 | 1.2962 | 1.7288 | 0.3114 | 0.4331 | 5.1294 | 3.1893 | 0.2166 | 0.6966 | 0.2040 | 8.8776 | 10.1207 | 0.3033 | 0.4220 | 5.1445
88 | 1.5826 | 0.2382 | 0.6890 | 0.1796 | 1.2949 | 1.7575 | 0.3109 | 0.4314 | 5.1218 | 3.1954 | 0.2152 | 0.6969 | 0.2077 | 8.9085 | 10.1271 | 0.3030 | 0.4210 | 5.1428
89 | 1.5897 | 0.2373 | 0.6895 | 0.1836 | 1.2942 | 1.7998 | 0.3105 | 0.4294 | 5.1143 | 3.1973 | 0.2139 | 0.6971 | 0.2122 | 8.8728 | 10.1485 | 0.3028 | 0.4192 | 5.1400
90 | 1.5965 | 0.2361 | 0.6899 | 0.1879 | 1.2925 | 1.8390 | 0.3100 | 0.4274 | 5.1068 | 3.2008 | 0.2131 | 0.6977 | 0.2163 | 8.8577 | 10.1674 | 0.3022 | 0.4166 | 5.1304
91 | 1.6033 | 0.2351 | 0.6904 | 0.1920 | 1.2916 | 1.8779 | 0.3095 | 0.4256 | 5.0992 | 3.2007 | 0.2118 | 0.6984 | 0.2205 | 8.8282 | 10.1681 | 0.3015 | 0.4149 | 5.1190
92 | 1.6106 | 0.2340 | 0.6910 | 0.1965 | 1.2905 | 1.9201 | 0.3089 | 0.4234 | 5.0901 | 3.2102 | 0.2107 | 0.6990 | 0.2246 | 8.8425 | 10.2179 | 0.3009 | 0.4123 | 5.1134
93 | 1.6179 | 0.2330 | 0.6915 | 0.2006 | 1.2898 | 1.9640 | 0.3084 | 0.4213 | 5.0818 | 3.2158 | 0.2097 | 0.6994 | 0.2285 | 8.8559 | 10.2335 | 0.3005 | 0.4105 | 5.1054
94 | 1.6251 | 0.2320 | 0.6920 | 0.2046 | 1.2888 | 2.0085 | 0.3079 | 0.4194 | 5.0732 | 3.2213 | 0.2087 | 0.7001 | 0.2328 | 8.8457 | 10.2679 | 0.2998 | 0.4087 | 5.0947
95 | 1.6319 | 0.2311 | 0.6925 | 0.2084 | 1.2879 | 2.0495 | 0.3074 | 0.4176 | 5.0649 | 3.2273 | 0.2080 | 0.7005 | 0.2362 | 8.8574 | 10.2915 | 0.2994 | 0.4067 | 5.0872
96 | 1.6377 | 0.2303 | 0.6930 | 0.2119 | 1.2876 | 2.0830 | 0.3069 | 0.4160 | 5.0569 | 3.2334 | 0.2072 | 0.7011 | 0.2391 | 8.8647 | 10.3248 | 0.2988 | 0.4055 | 5.0788
97 | 1.6424 | 0.2296 | 0.6934 | 0.2147 | 1.2860 | 2.1108 | 0.3065 | 0.4148 | 5.0500 | 3.2379 | 0.2065 | 0.7014 | 0.2421 | 8.8651 | 10.3473 | 0.2985 | 0.4044 | 5.0745
98 | 1.6459 | 0.2292 | 0.6938 | 0.2169 | 1.2858 | 2.1297 | 0.3061 | 0.4140 | 5.0445 | 3.2413 | 0.2063 | 0.7017 | 0.2435 | 8.8660 | 10.3696 | 0.2982 | 0.4039 | 5.0677
99 | 1.6478 | 0.2292 | 0.6940 | 0.2178 | 1.2858 | 2.1408 | 0.3059 | 0.4136 | 5.0407 | 3.2444 | 0.2062 | 0.7019 | 0.2442 | 8.8668 | 10.3931 | 0.2980 | 0.4037 | 5.0653
100 | 1.6484 | 0.2292 | 0.6941 | 0.2180 | 1.2859 | 2.1442 | 0.3058 | 0.4135 | 5.0384 | 3.2473 | 0.2064 | 0.7019 | 0.2438 | 8.8776 | 10.4143 | 0.2980 | 0.4037 | 5.0649
