epoch | loss | sim_loss | var_pred | var_target | var_ctx | cov_pred | cov_target | cov_ctx | feat_std | feat_std_ctx | feat_norm | val_loss | val_sim_loss | val_var_pred | val_var_target | val_var_ctx | val_cov_pred | val_cov_target | val_cov_ctx | val_feat_std | val_feat_std_ctx | val_feat_norm
1 | 65.1721 | 0.9908 | 0.9755 | 0.2008 | 0.1878 | 8.8767 | 6.2990 | 5.9854 | 0.0219 | 0.8363 | 0.9698 | 80.3804 | 0.9652 | 0.9854 | 0.3247 | 0.3147 | 15.9713 | 7.2123 | 6.9238 | 0.0088 | 0.7120 | 1.0517
2 | 40.8418 | 0.9890 | 0.9664 | 0.0299 | 0.0199 | 1.3428 | 2.1689 | 2.0324 | 0.0319 | 0.9960 | 1.0043 | 75.6031 | 0.9715 | 0.9826 | 0.2454 | 0.2351 | 18.7401 | 5.4440 | 5.1286 | 0.0129 | 0.8211 | 0.8416
3 | 36.0554 | 0.9985 | 0.9297 | 0.0120 | 0.0041 | 1.2057 | 0.6245 | 0.5968 | 0.0695 | 1.0158 | 0.8569 | 76.1498 | 0.9820 | 0.9676 | 0.2376 | 0.2236 | 21.7960 | 4.5897 | 4.2229 | 0.0301 | 0.8595 | 0.6244
4 | 32.9590 | 1.0247 | 0.8234 | 0.0108 | 0.0025 | 1.2897 | 0.2534 | 0.2524 | 0.1763 | 1.0227 | 1.4695 | 74.8789 | 0.9606 | 0.8306 | 0.2403 | 0.2225 | 24.8339 | 4.2466 | 3.8571 | 0.1691 | 0.8676 | 1.6849
5 | 30.4995 | 1.0687 | 0.7182 | 0.0106 | 0.0018 | 1.2421 | 0.1525 | 0.1532 | 0.2817 | 1.0271 | 2.2765 | 73.4754 | 0.9587 | 0.7594 | 0.2430 | 0.2221 | 25.4322 | 4.1352 | 3.7085 | 0.2404 | 0.8683 | 2.3190
6 | 28.9439 | 1.1160 | 0.6416 | 0.0105 | 0.0014 | 1.2286 | 0.1100 | 0.1100 | 0.3584 | 1.0307 | 2.8848 | 71.9546 | 0.9712 | 0.6884 | 0.2426 | 0.2196 | 25.6767 | 4.1239 | 3.6766 | 0.3119 | 0.8685 | 2.9590
7 | 27.5421 | 1.1770 | 0.5628 | 0.0104 | 0.0011 | 1.2379 | 0.0891 | 0.0888 | 0.4373 | 1.0336 | 3.5132 | 70.6110 | 1.0000 | 0.6175 | 0.2419 | 0.2178 | 25.9063 | 4.1203 | 3.6539 | 0.3861 | 0.8689 | 3.6245
8 | 26.2571 | 1.2517 | 0.4820 | 0.0105 | 0.0009 | 1.2505 | 0.0786 | 0.0781 | 0.5181 | 1.0358 | 4.1585 | 69.3022 | 1.0433 | 0.5471 | 0.2414 | 0.2148 | 26.0684 | 4.1037 | 3.6169 | 0.4630 | 0.8714 | 4.3105
9 | 25.0813 | 1.3409 | 0.3995 | 0.0104 | 0.0008 | 1.2630 | 0.0728 | 0.0724 | 0.6006 | 1.0378 | 4.8180 | 68.2060 | 1.0989 | 0.4814 | 0.2410 | 0.2141 | 26.1704 | 4.0795 | 3.5557 | 0.5400 | 0.8722 | 5.0032
10 | 24.0289 | 1.4444 | 0.3159 | 0.0104 | 0.0006 | 1.2747 | 0.0693 | 0.0689 | 0.6843 | 1.0394 | 5.4872 | 67.2847 | 1.1668 | 0.4204 | 0.2399 | 0.2112 | 26.2603 | 4.0416 | 3.5267 | 0.6187 | 0.8734 | 5.6971
11 | 23.1069 | 1.5619 | 0.2317 | 0.0105 | 0.0006 | 1.2844 | 0.0673 | 0.0669 | 0.7685 | 1.0407 | 6.1606 | 66.5346 | 1.2457 | 0.3629 | 0.2386 | 0.2092 | 26.3173 | 4.0054 | 3.4867 | 0.6967 | 0.8747 | 6.3885
12 | 22.3254 | 1.6903 | 0.1491 | 0.0104 | 0.0005 | 1.2898 | 0.0659 | 0.0656 | 0.8512 | 1.0419 | 6.8213 | 65.9535 | 1.3221 | 0.3108 | 0.2380 | 0.2079 | 26.3928 | 3.9713 | 3.4500 | 0.7681 | 0.8744 | 6.9810
13 | 21.7351 | 1.8174 | 0.0749 | 0.0106 | 0.0005 | 1.2831 | 0.0650 | 0.0647 | 0.9257 | 1.0427 | 7.4125 | 65.3792 | 1.3773 | 0.2678 | 0.2370 | 0.2074 | 26.4747 | 3.9320 | 3.3961 | 0.8225 | 0.8729 | 7.3851
14 | 21.3995 | 1.9077 | 0.0259 | 0.0107 | 0.0005 | 1.2701 | 0.0644 | 0.0642 | 0.9758 | 1.0432 | 7.8086 | 64.9503 | 1.3863 | 0.2516 | 0.2377 | 0.2055 | 26.5054 | 3.8653 | 3.3464 | 0.8439 | 0.8724 | 7.5350
15 | 21.3074 | 1.9257 | 0.0154 | 0.0108 | 0.0004 | 1.2587 | 0.0638 | 0.0636 | 0.9869 | 1.0436 | 7.8978 | 64.7323 | 1.3707 | 0.2544 | 0.2396 | 0.2064 | 26.4417 | 3.8063 | 3.2663 | 0.8408 | 0.8696 | 7.5021
16 | 21.2689 | 1.9239 | 0.0149 | 0.0108 | 0.0004 | 1.2484 | 0.0635 | 0.0631 | 0.9874 | 1.0440 | 7.9026 | 64.6326 | 1.3541 | 0.2611 | 0.2425 | 0.2083 | 26.3469 | 3.7349 | 3.2102 | 0.8335 | 0.8644 | 7.4387
17 | 21.2444 | 1.9224 | 0.0150 | 0.0109 | 0.0004 | 1.2373 | 0.0630 | 0.0627 | 0.9874 | 1.0443 | 7.9041 | 64.6388 | 1.3323 | 0.2713 | 0.2462 | 0.2122 | 26.2167 | 3.6971 | 3.1578 | 0.8218 | 0.8604 | 7.3688
18 | 21.2310 | 1.9220 | 0.0149 | 0.0110 | 0.0004 | 1.2266 | 0.0627 | 0.0622 | 0.9874 | 1.0445 | 7.9055 | 64.6831 | 1.3146 | 0.2822 | 0.2511 | 0.2163 | 26.0728 | 3.6259 | 3.0976 | 0.8092 | 0.8537 | 7.2956
19 | 21.2158 | 1.9214 | 0.0149 | 0.0112 | 0.0004 | 1.2161 | 0.0625 | 0.0619 | 0.9874 | 1.0447 | 7.9069 | 64.7524 | 1.3014 | 0.2920 | 0.2555 | 0.2188 | 25.9141 | 3.5951 | 3.0746 | 0.7974 | 0.8482 | 7.2170
20 | 21.2151 | 1.9222 | 0.0149 | 0.0112 | 0.0004 | 1.2062 | 0.0623 | 0.0617 | 0.9874 | 1.0446 | 7.9085 | 64.8693 | 1.2889 | 0.3022 | 0.2601 | 0.2252 | 25.7352 | 3.5432 | 3.0151 | 0.7855 | 0.8401 | 7.1421
21 | 21.2097 | 1.9225 | 0.0149 | 0.0113 | 0.0004 | 1.1972 | 0.0622 | 0.0615 | 0.9874 | 1.0445 | 7.9098 | 64.9455 | 1.2738 | 0.3141 | 0.2638 | 0.2283 | 25.5478 | 3.5195 | 2.9880 | 0.7713 | 0.8341 | 7.0682
22 | 21.2090 | 1.9229 | 0.0150 | 0.0113 | 0.0004 | 1.1900 | 0.0624 | 0.0615 | 0.9873 | 1.0444 | 7.9098 | 65.0467 | 1.2626 | 0.3237 | 0.2687 | 0.2344 | 25.3544 | 3.4658 | 2.9312 | 0.7606 | 0.8260 | 6.9947
23 | 21.2075 | 1.9233 | 0.0150 | 0.0114 | 0.0004 | 1.1832 | 0.0624 | 0.0615 | 0.9873 | 1.0442 | 7.9112 | 65.1304 | 1.2484 | 0.3336 | 0.2732 | 0.2372 | 25.1691 | 3.4342 | 2.9420 | 0.7491 | 0.8192 | 6.9336
24 | 21.2056 | 1.9236 | 0.0150 | 0.0113 | 0.0004 | 1.1779 | 0.0625 | 0.0615 | 0.9873 | 1.0441 | 7.9113 | 64.9664 | 1.2352 | 0.3425 | 0.2753 | 0.2373 | 24.9247 | 3.4214 | 2.8889 | 0.7386 | 0.8182 | 6.8687
25 | 21.1995 | 1.9238 | 0.0150 | 0.0112 | 0.0004 | 1.1730 | 0.0627 | 0.0615 | 0.9873 | 1.0441 | 7.9112 | 65.0411 | 1.2269 | 0.3500 | 0.2775 | 0.2410 | 24.7486 | 3.4124 | 2.8978 | 0.7300 | 0.8105 | 6.8124
26 | 21.1929 | 1.9232 | 0.0151 | 0.0112 | 0.0004 | 1.1695 | 0.0627 | 0.0615 | 0.9871 | 1.0438 | 7.9107 | 64.9898 | 1.2146 | 0.3569 | 0.2806 | 0.2454 | 24.4805 | 3.4060 | 2.8845 | 0.7218 | 0.8045 | 6.7577
27 | 21.1840 | 1.9228 | 0.0150 | 0.0112 | 0.0003 | 1.1667 | 0.0629 | 0.0616 | 0.9872 | 1.0437 | 7.9117 | 64.8037 | 1.2070 | 0.3628 | 0.2819 | 0.2443 | 24.2325 | 3.3884 | 2.8893 | 0.7144 | 0.8027 | 6.7076
28 | 21.1786 | 1.9224 | 0.0151 | 0.0112 | 0.0003 | 1.1646 | 0.0630 | 0.0615 | 0.9872 | 1.0434 | 7.9116 | 64.6528 | 1.1962 | 0.3677 | 0.2850 | 0.2479 | 23.9320 | 3.3809 | 2.8638 | 0.7082 | 0.7981 | 6.6600
29 | 21.1701 | 1.9218 | 0.0151 | 0.0112 | 0.0003 | 1.1632 | 0.0630 | 0.0616 | 0.9872 | 1.0432 | 7.9115 | 64.4111 | 1.1831 | 0.3720 | 0.2861 | 0.2478 | 23.6303 | 3.4034 | 2.8994 | 0.7023 | 0.7960 | 6.6181
30 | 21.1562 | 1.9204 | 0.0151 | 0.0111 | 0.0004 | 1.1624 | 0.0629 | 0.0616 | 0.9871 | 1.0428 | 7.9102 | 64.2437 | 1.1776 | 0.3744 | 0.2876 | 0.2495 | 23.3719 | 3.4025 | 2.9050 | 0.6987 | 0.7931 | 6.5721
31 | 21.1469 | 1.9199 | 0.0151 | 0.0110 | 0.0004 | 1.1619 | 0.0631 | 0.0615 | 0.9871 | 1.0424 | 7.9096 | 64.0515 | 1.1707 | 0.3776 | 0.2891 | 0.2521 | 23.0446 | 3.4224 | 2.9090 | 0.6938 | 0.7882 | 6.5302
32 | 21.1393 | 1.9191 | 0.0152 | 0.0110 | 0.0004 | 1.1614 | 0.0631 | 0.0615 | 0.9871 | 1.0420 | 7.9087 | 63.9478 | 1.1635 | 0.3807 | 0.2922 | 0.2550 | 22.7614 | 3.4332 | 2.9238 | 0.6888 | 0.7834 | 6.4932
33 | 21.1288 | 1.9183 | 0.0151 | 0.0110 | 0.0004 | 1.1613 | 0.0631 | 0.0615 | 0.9872 | 1.0415 | 7.9087 | 63.6872 | 1.1552 | 0.3829 | 0.2934 | 0.2577 | 22.3979 | 3.4479 | 2.9377 | 0.6848 | 0.7794 | 6.4568
34 | 21.1127 | 1.9170 | 0.0151 | 0.0108 | 0.0004 | 1.1614 | 0.0631 | 0.0614 | 0.9872 | 1.0411 | 7.9080 | 63.3846 | 1.1487 | 0.3844 | 0.2933 | 0.2572 | 22.1166 | 3.4667 | 2.9401 | 0.6814 | 0.7796 | 6.4182
35 | 21.1063 | 1.9164 | 0.0151 | 0.0107 | 0.0004 | 1.1613 | 0.0630 | 0.0613 | 0.9871 | 1.0407 | 7.9068 | 63.4779 | 1.1460 | 0.3859 | 0.2958 | 0.2588 | 22.0845 | 3.4585 | 2.9632 | 0.6782 | 0.7758 | 6.3798
36 | 21.1019 | 1.9160 | 0.0151 | 0.0107 | 0.0004 | 1.1611 | 0.0630 | 0.0613 | 0.9871 | 1.0403 | 7.9059 | 63.6414 | 1.1370 | 0.3880 | 0.2980 | 0.2628 | 22.0941 | 3.4937 | 2.9641 | 0.6740 | 0.7711 | 6.3475
37 | 21.0950 | 1.9155 | 0.0151 | 0.0107 | 0.0004 | 1.1608 | 0.0630 | 0.0613 | 0.9872 | 1.0400 | 7.9050 | 63.7361 | 1.1352 | 0.3888 | 0.2997 | 0.2638 | 22.0963 | 3.4929 | 2.9859 | 0.6714 | 0.7694 | 6.3122
38 | 21.0860 | 1.9146 | 0.0151 | 0.0106 | 0.0004 | 1.1609 | 0.0630 | 0.0613 | 0.9871 | 1.0395 | 7.9042 | 63.8161 | 1.1310 | 0.3901 | 0.3029 | 0.2673 | 22.0508 | 3.4864 | 2.9634 | 0.6685 | 0.7652 | 6.2808
39 | 21.0811 | 1.9139 | 0.0152 | 0.0106 | 0.0005 | 1.1610 | 0.0630 | 0.0612 | 0.9871 | 1.0391 | 7.9032 | 63.8331 | 1.1240 | 0.3918 | 0.3056 | 0.2688 | 21.9285 | 3.5048 | 3.0045 | 0.6651 | 0.7627 | 6.2493
40 | 21.0755 | 1.9135 | 0.0151 | 0.0106 | 0.0005 | 1.1610 | 0.0630 | 0.0612 | 0.9871 | 1.0387 | 7.9029 | 63.8665 | 1.1229 | 0.3932 | 0.3077 | 0.2705 | 21.8140 | 3.5309 | 3.0076 | 0.6625 | 0.7598 | 6.2182
41 | 21.0681 | 1.9128 | 0.0152 | 0.0105 | 0.0005 | 1.1609 | 0.0628 | 0.0611 | 0.9871 | 1.0383 | 7.9018 | 63.7169 | 1.1165 | 0.3947 | 0.3087 | 0.2746 | 21.5871 | 3.5186 | 2.9938 | 0.6593 | 0.7557 | 6.1856
42 | 21.0622 | 1.9120 | 0.0152 | 0.0106 | 0.0005 | 1.1610 | 0.0628 | 0.0610 | 0.9870 | 1.0379 | 7.9005 | 63.6804 | 1.1137 | 0.3965 | 0.3112 | 0.2749 | 21.4595 | 3.5115 | 3.0074 | 0.6561 | 0.7553 | 6.1560
43 | 21.0572 | 1.9117 | 0.0152 | 0.0105 | 0.0005 | 1.1608 | 0.0629 | 0.0610 | 0.9870 | 1.0376 | 7.8998 | 63.6258 | 1.1146 | 0.3978 | 0.3118 | 0.2757 | 21.3139 | 3.5305 | 3.0011 | 0.6535 | 0.7540 | 6.1269
44 | 21.0513 | 1.9111 | 0.0153 | 0.0104 | 0.0006 | 1.1605 | 0.0627 | 0.0609 | 0.9870 | 1.0372 | 7.8985 | 63.7532 | 1.1112 | 0.3994 | 0.3153 | 0.2804 | 21.2211 | 3.5427 | 2.9980 | 0.6504 | 0.7486 | 6.1034
45 | 21.0469 | 1.9108 | 0.0153 | 0.0104 | 0.0006 | 1.1603 | 0.0627 | 0.0609 | 0.9870 | 1.0368 | 7.8982 | 63.8909 | 1.1086 | 0.4006 | 0.3178 | 0.2835 | 21.1459 | 3.5809 | 3.0301 | 0.6478 | 0.7446 | 6.0796
46 | 21.0463 | 1.9108 | 0.0152 | 0.0104 | 0.0006 | 1.1602 | 0.0627 | 0.0609 | 0.9871 | 1.0363 | 7.8982 | 64.0264 | 1.1064 | 0.4023 | 0.3206 | 0.2855 | 21.0929 | 3.6039 | 3.0565 | 0.6452 | 0.7419 | 6.0570
47 | 21.0396 | 1.9099 | 0.0152 | 0.0104 | 0.0006 | 1.1600 | 0.0627 | 0.0608 | 0.9870 | 1.0359 | 7.8974 | 64.0373 | 1.1056 | 0.4035 | 0.3212 | 0.2871 | 21.0385 | 3.6105 | 3.0388 | 0.6431 | 0.7406 | 6.0340
48 | 21.0337 | 1.9095 | 0.0152 | 0.0103 | 0.0006 | 1.1598 | 0.0626 | 0.0608 | 0.9870 | 1.0355 | 7.8968 | 64.1282 | 1.1037 | 0.4047 | 0.3232 | 0.2881 | 20.9651 | 3.6479 | 3.0771 | 0.6407 | 0.7393 | 6.0108
49 | 21.0342 | 1.9093 | 0.0153 | 0.0103 | 0.0007 | 1.1598 | 0.0626 | 0.0607 | 0.9869 | 1.0351 | 7.8955 | 64.0878 | 1.1029 | 0.4062 | 0.3245 | 0.2896 | 20.8560 | 3.6379 | 3.0582 | 0.6386 | 0.7375 | 5.9920
50 | 21.0295 | 1.9091 | 0.0152 | 0.0103 | 0.0007 | 1.1597 | 0.0624 | 0.0605 | 0.9870 | 1.0347 | 7.8955 | 64.1092 | 1.0979 | 0.4076 | 0.3259 | 0.2917 | 20.7757 | 3.6533 | 3.0726 | 0.6364 | 0.7354 | 5.9739
51 | 21.0280 | 1.9087 | 0.0153 | 0.0103 | 0.0007 | 1.1598 | 0.0625 | 0.0605 | 0.9869 | 1.0342 | 7.8944 | 64.2276 | 1.0971 | 0.4090 | 0.3282 | 0.2944 | 20.6946 | 3.6853 | 3.0876 | 0.6344 | 0.7326 | 5.9563
52 | 21.0228 | 1.9082 | 0.0153 | 0.0103 | 0.0008 | 1.1596 | 0.0624 | 0.0605 | 0.9869 | 1.0338 | 7.8938 | 64.1702 | 1.0965 | 0.4101 | 0.3286 | 0.2946 | 20.6133 | 3.6915 | 3.0689 | 0.6327 | 0.7323 | 5.9400
53 | 21.0190 | 1.9078 | 0.0153 | 0.0103 | 0.0008 | 1.1597 | 0.0623 | 0.0604 | 0.9869 | 1.0334 | 7.8932 | 64.2617 | 1.0957 | 0.4113 | 0.3306 | 0.2968 | 20.5348 | 3.7087 | 3.0924 | 0.6310 | 0.7295 | 5.9249
54 | 21.0145 | 1.9075 | 0.0153 | 0.0102 | 0.0008 | 1.1598 | 0.0622 | 0.0603 | 0.9870 | 1.0331 | 7.8935 | 64.3354 | 1.0947 | 0.4124 | 0.3326 | 0.2996 | 20.4643 | 3.7058 | 3.1037 | 0.6293 | 0.7262 | 5.9114
55 | 21.0129 | 1.9069 | 0.0154 | 0.0102 | 0.0008 | 1.1597 | 0.0622 | 0.0602 | 0.9868 | 1.0329 | 7.8922 | 64.3651 | 1.0931 | 0.4140 | 0.3344 | 0.3009 | 20.3623 | 3.7369 | 3.0999 | 0.6273 | 0.7247 | 5.8979
56 | 21.0094 | 1.9065 | 0.0154 | 0.0103 | 0.0008 | 1.1598 | 0.0621 | 0.0602 | 0.9868 | 1.0327 | 7.8919 | 64.3733 | 1.0890 | 0.4150 | 0.3361 | 0.3039 | 20.2752 | 3.7379 | 3.0947 | 0.6260 | 0.7219 | 5.8838
57 | 21.0036 | 1.9061 | 0.0154 | 0.0102 | 0.0008 | 1.1596 | 0.0620 | 0.0602 | 0.9868 | 1.0324 | 7.8917 | 64.4583 | 1.0868 | 0.4160 | 0.3379 | 0.3052 | 20.2329 | 3.7520 | 3.1298 | 0.6247 | 0.7201 | 5.8708
58 | 21.0013 | 1.9058 | 0.0154 | 0.0102 | 0.0009 | 1.1600 | 0.0620 | 0.0600 | 0.9868 | 1.0321 | 7.8912 | 64.5093 | 1.0858 | 0.4166 | 0.3386 | 0.3059 | 20.1937 | 3.7826 | 3.1473 | 0.6239 | 0.7191 | 5.8622
59 | 21.0024 | 1.9058 | 0.0154 | 0.0102 | 0.0009 | 1.1600 | 0.0619 | 0.0601 | 0.9868 | 1.0318 | 7.8910 | 64.6187 | 1.0871 | 0.4178 | 0.3412 | 0.3094 | 20.1217 | 3.7754 | 3.1411 | 0.6224 | 0.7151 | 5.8510
60 | 20.9970 | 1.9053 | 0.0154 | 0.0102 | 0.0009 | 1.1599 | 0.0620 | 0.0600 | 0.9868 | 1.0314 | 7.8909 | 64.5289 | 1.0857 | 0.4187 | 0.3409 | 0.3084 | 20.0370 | 3.7829 | 3.1522 | 0.6213 | 0.7162 | 5.8404
61 | 20.9936 | 1.9049 | 0.0154 | 0.0102 | 0.0009 | 1.1601 | 0.0618 | 0.0599 | 0.9869 | 1.0311 | 7.8909 | 64.6751 | 1.0852 | 0.4193 | 0.3426 | 0.3098 | 19.9965 | 3.8318 | 3.2016 | 0.6205 | 0.7144 | 5.8320
62 | 20.9903 | 1.9045 | 0.0154 | 0.0102 | 0.0010 | 1.1604 | 0.0618 | 0.0598 | 0.9868 | 1.0307 | 7.8905 | 64.6615 | 1.0828 | 0.4201 | 0.3437 | 0.3111 | 19.9600 | 3.8442 | 3.1590 | 0.6195 | 0.7131 | 5.8237
63 | 20.9867 | 1.9041 | 0.0154 | 0.0101 | 0.0010 | 1.1605 | 0.0617 | 0.0598 | 0.9868 | 1.0303 | 7.8900 | 64.7210 | 1.0820 | 0.4208 | 0.3446 | 0.3119 | 19.9166 | 3.8466 | 3.2050 | 0.6186 | 0.7118 | 5.8152
64 | 20.9844 | 1.9037 | 0.0154 | 0.0101 | 0.0010 | 1.1606 | 0.0617 | 0.0598 | 0.9868 | 1.0300 | 7.8898 | 64.7643 | 1.0810 | 0.4212 | 0.3455 | 0.3143 | 19.8812 | 3.8612 | 3.1859 | 0.6181 | 0.7096 | 5.8083
65 | 20.9788 | 1.9032 | 0.0154 | 0.0101 | 0.0011 | 1.1610 | 0.0617 | 0.0597 | 0.9868 | 1.0298 | 7.8897 | 64.7835 | 1.0805 | 0.4219 | 0.3463 | 0.3151 | 19.8181 | 3.8684 | 3.2100 | 0.6172 | 0.7084 | 5.8027
66 | 20.9813 | 1.9032 | 0.0155 | 0.0101 | 0.0011 | 1.1611 | 0.0616 | 0.0597 | 0.9867 | 1.0296 | 7.8887 | 64.8687 | 1.0817 | 0.4223 | 0.3481 | 0.3168 | 19.7821 | 3.8862 | 3.2041 | 0.6166 | 0.7067 | 5.7961
67 | 20.9790 | 1.9028 | 0.0155 | 0.0102 | 0.0011 | 1.1611 | 0.0615 | 0.0596 | 0.9867 | 1.0293 | 7.8887 | 64.8492 | 1.0799 | 0.4232 | 0.3484 | 0.3171 | 19.7255 | 3.8972 | 3.2108 | 0.6157 | 0.7061 | 5.7915
68 | 20.9735 | 1.9023 | 0.0155 | 0.0101 | 0.0011 | 1.1612 | 0.0615 | 0.0596 | 0.9867 | 1.0290 | 7.8883 | 64.8689 | 1.0797 | 0.4235 | 0.3492 | 0.3185 | 19.6881 | 3.8892 | 3.2128 | 0.6153 | 0.7046 | 5.7865
69 | 20.9727 | 1.9024 | 0.0154 | 0.0101 | 0.0012 | 1.1612 | 0.0614 | 0.0595 | 0.9868 | 1.0288 | 7.8888 | 64.8931 | 1.0784 | 0.4240 | 0.3502 | 0.3192 | 19.6651 | 3.8892 | 3.2210 | 0.6147 | 0.7035 | 5.7808
70 | 20.9726 | 1.9022 | 0.0155 | 0.0101 | 0.0012 | 1.1614 | 0.0614 | 0.0595 | 0.9867 | 1.0284 | 7.8880 | 64.9331 | 1.0778 | 0.4240 | 0.3512 | 0.3200 | 19.6423 | 3.9084 | 3.2238 | 0.6145 | 0.7029 | 5.7762
71 | 20.9677 | 1.9016 | 0.0155 | 0.0101 | 0.0012 | 1.1614 | 0.0614 | 0.0595 | 0.9867 | 1.0281 | 7.8879 | 65.0011 | 1.0783 | 0.4243 | 0.3515 | 0.3218 | 19.6127 | 3.9309 | 3.2347 | 0.6142 | 0.7006 | 5.7722
72 | 20.9700 | 1.9016 | 0.0155 | 0.0101 | 0.0013 | 1.1619 | 0.0614 | 0.0595 | 0.9867 | 1.0277 | 7.8877 | 64.9834 | 1.0788 | 0.4246 | 0.3522 | 0.3217 | 19.5745 | 3.9189 | 3.2398 | 0.6139 | 0.7010 | 5.7693
73 | 20.9654 | 1.9012 | 0.0155 | 0.0100 | 0.0013 | 1.1618 | 0.0613 | 0.0593 | 0.9866 | 1.0274 | 7.8872 | 65.0452 | 1.0787 | 0.4247 | 0.3532 | 0.3234 | 19.5619 | 3.9302 | 3.2313 | 0.6137 | 0.6992 | 5.7652
74 | 20.9625 | 1.9008 | 0.0156 | 0.0100 | 0.0013 | 1.1618 | 0.0612 | 0.0593 | 0.9866 | 1.0272 | 7.8870 | 65.0440 | 1.0779 | 0.4250 | 0.3540 | 0.3245 | 19.5188 | 3.9244 | 3.2325 | 0.6133 | 0.6980 | 5.7638
75 | 20.9627 | 1.9007 | 0.0156 | 0.0101 | 0.0013 | 1.1619 | 0.0612 | 0.0594 | 0.9866 | 1.0270 | 7.8869 | 65.0810 | 1.0768 | 0.4251 | 0.3552 | 0.3249 | 19.5120 | 3.9263 | 3.2427 | 0.6132 | 0.6973 | 5.7629
76 | 20.9618 | 1.9005 | 0.0156 | 0.0100 | 0.0014 | 1.1619 | 0.0612 | 0.0592 | 0.9866 | 1.0268 | 7.8867 | 65.0855 | 1.0753 | 0.4252 | 0.3556 | 0.3259 | 19.4844 | 3.9348 | 3.2474 | 0.6131 | 0.6963 | 5.7612
77 | 20.9603 | 1.9003 | 0.0156 | 0.0100 | 0.0014 | 1.1622 | 0.0612 | 0.0593 | 0.9866 | 1.0265 | 7.8867 | 65.1579 | 1.0769 | 0.4255 | 0.3560 | 0.3268 | 19.4625 | 3.9519 | 3.2667 | 0.6128 | 0.6953 | 5.7596
78 | 20.9600 | 1.9003 | 0.0156 | 0.0100 | 0.0014 | 1.1623 | 0.0611 | 0.0592 | 0.9866 | 1.0262 | 7.8867 | 65.1260 | 1.0745 | 0.4257 | 0.3563 | 0.3273 | 19.4403 | 3.9547 | 3.2518 | 0.6126 | 0.6948 | 5.7589
79 | 20.9536 | 1.8996 | 0.0156 | 0.0100 | 0.0015 | 1.1625 | 0.0612 | 0.0592 | 0.9866 | 1.0259 | 7.8865 | 65.1547 | 1.0767 | 0.4258 | 0.3569 | 0.3284 | 19.4142 | 3.9532 | 3.2425 | 0.6124 | 0.6936 | 5.7559
80 | 20.9574 | 1.8997 | 0.0156 | 0.0100 | 0.0015 | 1.1624 | 0.0611 | 0.0592 | 0.9865 | 1.0256 | 7.8859 | 65.1359 | 1.0762 | 0.4261 | 0.3573 | 0.3283 | 19.3904 | 3.9510 | 3.2402 | 0.6122 | 0.6937 | 5.7544
81 | 20.9535 | 1.8996 | 0.0155 | 0.0100 | 0.0015 | 1.1624 | 0.0611 | 0.0591 | 0.9866 | 1.0254 | 7.8866 | 65.1902 | 1.0761 | 0.4260 | 0.3576 | 0.3297 | 19.3737 | 3.9656 | 3.2602 | 0.6122 | 0.6923 | 5.7536
82 | 20.9545 | 1.8995 | 0.0156 | 0.0100 | 0.0016 | 1.1625 | 0.0610 | 0.0591 | 0.9866 | 1.0253 | 7.8866 | 65.2120 | 1.0769 | 0.4262 | 0.3584 | 0.3302 | 19.3566 | 3.9595 | 3.2576 | 0.6119 | 0.6916 | 5.7522
83 | 20.9530 | 1.8995 | 0.0155 | 0.0099 | 0.0015 | 1.1628 | 0.0610 | 0.0591 | 0.9867 | 1.0251 | 7.8868 | 65.2243 | 1.0773 | 0.4263 | 0.3587 | 0.3301 | 19.3440 | 3.9701 | 3.2593 | 0.6119 | 0.6916 | 5.7505
84 | 20.9512 | 1.8992 | 0.0156 | 0.0100 | 0.0016 | 1.1628 | 0.0610 | 0.0591 | 0.9866 | 1.0249 | 7.8863 | 65.2503 | 1.0773 | 0.4263 | 0.3589 | 0.3305 | 19.3290 | 3.9786 | 3.2771 | 0.6118 | 0.6911 | 5.7490
85 | 20.9504 | 1.8989 | 0.0156 | 0.0099 | 0.0016 | 1.1628 | 0.0610 | 0.0591 | 0.9866 | 1.0247 | 7.8858 | 65.2536 | 1.0761 | 0.4264 | 0.3591 | 0.3316 | 19.3021 | 3.9935 | 3.2677 | 0.6117 | 0.6902 | 5.7479
86 | 20.9471 | 1.8985 | 0.0156 | 0.0100 | 0.0016 | 1.1629 | 0.0609 | 0.0590 | 0.9866 | 1.0245 | 7.8857 | 65.2183 | 1.0746 | 0.4265 | 0.3588 | 0.3317 | 19.2987 | 3.9930 | 3.2558 | 0.6116 | 0.6902 | 5.7472
87 | 20.9467 | 1.8987 | 0.0155 | 0.0099 | 0.0016 | 1.1630 | 0.0609 | 0.0590 | 0.9866 | 1.0243 | 7.8861 | 65.2523 | 1.0758 | 0.4267 | 0.3594 | 0.3318 | 19.2859 | 3.9811 | 3.2815 | 0.6114 | 0.6898 | 5.7468
88 | 20.9470 | 1.8985 | 0.0156 | 0.0099 | 0.0017 | 1.1631 | 0.0609 | 0.0589 | 0.9866 | 1.0240 | 7.8860 | 65.2906 | 1.0748 | 0.4268 | 0.3604 | 0.3322 | 19.2864 | 3.9901 | 3.2819 | 0.6113 | 0.6894 | 5.7461
89 | 20.9475 | 1.8982 | 0.0157 | 0.0099 | 0.0017 | 1.1632 | 0.0609 | 0.0590 | 0.9865 | 1.0237 | 7.8851 | 65.3004 | 1.0759 | 0.4268 | 0.3604 | 0.3334 | 19.2629 | 3.9886 | 3.2752 | 0.6113 | 0.6880 | 5.7452
90 | 20.9490 | 1.8981 | 0.0157 | 0.0099 | 0.0018 | 1.1631 | 0.0608 | 0.0589 | 0.9865 | 1.0234 | 7.8848 | 65.2918 | 1.0759 | 0.4268 | 0.3607 | 0.3332 | 19.2461 | 3.9931 | 3.2765 | 0.6113 | 0.6884 | 5.7441
91 | 20.9475 | 1.8978 | 0.0157 | 0.0099 | 0.0018 | 1.1631 | 0.0608 | 0.0589 | 0.9864 | 1.0231 | 7.8841 | 65.3061 | 1.0764 | 0.4269 | 0.3603 | 0.3334 | 19.2347 | 4.0098 | 3.2813 | 0.6112 | 0.6881 | 5.7445
92 | 20.9490 | 1.8976 | 0.0158 | 0.0099 | 0.0019 | 1.1632 | 0.0608 | 0.0589 | 0.9863 | 1.0228 | 7.8832 | 65.2777 | 1.0746 | 0.4269 | 0.3602 | 0.3339 | 19.2284 | 3.9956 | 3.2825 | 0.6112 | 0.6875 | 5.7445
93 | 20.9471 | 1.8977 | 0.0157 | 0.0099 | 0.0019 | 1.1629 | 0.0607 | 0.0589 | 0.9864 | 1.0226 | 7.8844 | 65.2937 | 1.0758 | 0.4267 | 0.3606 | 0.3336 | 19.2261 | 4.0023 | 3.2828 | 0.6114 | 0.6878 | 5.7443
94 | 20.9449 | 1.8977 | 0.0156 | 0.0099 | 0.0019 | 1.1633 | 0.0608 | 0.0588 | 0.9865 | 1.0225 | 7.8853 | 65.2717 | 1.0743 | 0.4267 | 0.3610 | 0.3342 | 19.2052 | 4.0039 | 3.2713 | 0.6114 | 0.6873 | 5.7465
95 | 20.9443 | 1.8977 | 0.0156 | 0.0099 | 0.0019 | 1.1633 | 0.0607 | 0.0588 | 0.9866 | 1.0225 | 7.8856 | 65.2821 | 1.0755 | 0.4267 | 0.3610 | 0.3337 | 19.2073 | 3.9960 | 3.2886 | 0.6114 | 0.6877 | 5.7452
96 | 20.9443 | 1.8977 | 0.0156 | 0.0099 | 0.0019 | 1.1634 | 0.0607 | 0.0588 | 0.9866 | 1.0224 | 7.8857 | 65.2996 | 1.0754 | 0.4268 | 0.3605 | 0.3352 | 19.1969 | 4.0099 | 3.2760 | 0.6113 | 0.6862 | 5.7445
97 | 20.9440 | 1.8974 | 0.0157 | 0.0099 | 0.0019 | 1.1637 | 0.0607 | 0.0588 | 0.9865 | 1.0223 | 7.8850 | 65.3193 | 1.0751 | 0.4268 | 0.3616 | 0.3349 | 19.1823 | 4.0135 | 3.2902 | 0.6114 | 0.6865 | 5.7444
98 | 20.9417 | 1.8974 | 0.0156 | 0.0099 | 0.0019 | 1.1638 | 0.0607 | 0.0587 | 0.9866 | 1.0222 | 7.8856 | 65.3255 | 1.0762 | 0.4268 | 0.3614 | 0.3353 | 19.1802 | 3.9979 | 3.2980 | 0.6113 | 0.6859 | 5.7446
99 | 20.9419 | 1.8974 | 0.0156 | 0.0098 | 0.0020 | 1.1638 | 0.0607 | 0.0587 | 0.9866 | 1.0221 | 7.8856 | 65.3088 | 1.0747 | 0.4267 | 0.3620 | 0.3355 | 19.1603 | 4.0117 | 3.2874 | 0.6115 | 0.6857 | 5.7449
100 | 20.9371 | 1.8966 | 0.0157 | 0.0098 | 0.0020 | 1.1640 | 0.0606 | 0.0587 | 0.9865 | 1.0220 | 7.8848 | 65.3125 | 1.0747 | 0.4269 | 0.3620 | 0.3358 | 19.1429 | 4.0230 | 3.2815 | 0.6113 | 0.6855 | 5.7438
epoch | loss | sim_loss | var_pred | var_target | var_ctx | cov_pred | cov_target | cov_ctx | feat_std | feat_std_ctx | feat_norm | val_loss | val_sim_loss | val_var_pred | val_var_target | val_var_ctx | val_cov_pred | val_cov_target | val_cov_ctx | val_feat_std | val_feat_std_ctx | val_feat_norm
1 | 37.7933 | 0.0160 | 0.9171 | 0.9152 | 0.3496 | 13.2737 | 13.7272 | 13.7662 | 0.0618 | 0.6735 | 0.7487 | 42.6144 | 0.0160 | 0.9171 | 0.9251 | 0.4252 | 12.8224 | 18.4367 | 18.5167 | 0.0610 | 0.5922 | 0.7389
2 | 36.8487 | 0.0158 | 0.9170 | 0.9161 | 0.3519 | 12.0564 | 13.9709 | 14.0120 | 0.0596 | 0.6658 | 0.7198 | 41.9434 | 0.0158 | 0.9165 | 0.9284 | 0.4443 | 11.4902 | 19.0183 | 19.0897 | 0.0580 | 0.5643 | 0.6939
3 | 35.1759 | 0.0158 | 0.9137 | 0.9240 | 0.4032 | 10.5742 | 13.7543 | 13.7847 | 0.0564 | 0.6007 | 0.6516 | 40.0783 | 0.0161 | 0.9115 | 0.9426 | 0.5536 | 10.3247 | 18.2883 | 18.3762 | 0.0539 | 0.4473 | 0.6030
4 | 35.5417 | 0.0162 | 0.9110 | 0.9321 | 0.4586 | 7.5186 | 16.7860 | 17.1121 | 0.0514 | 0.5414 | 0.5685 | 39.6711 | 0.0167 | 0.9186 | 0.9545 | 0.6564 | 9.3622 | 18.6446 | 18.8721 | 0.0440 | 0.3454 | 0.5155
5 | 24.3454 | 0.0160 | 0.9125 | 0.9583 | 0.6861 | 3.3132 | 10.3111 | 9.4442 | 0.0435 | 0.3137 | 0.4900 | 34.2859 | 0.0149 | 0.9392 | 0.9845 | 0.9126 | 10.1929 | 12.6548 | 12.8939 | 0.0264 | 0.0866 | 0.4027
6 | 12.2748 | 0.0135 | 0.8995 | 0.9763 | 0.8230 | 1.9786 | 0.4028 | 0.3528 | 0.0395 | 0.1767 | 0.3863 | 32.4165 | 0.0101 | 0.9173 | 0.9879 | 0.9482 | 10.8276 | 10.4196 | 11.1872 | 0.0164 | 0.0504 | 0.1984
7 | 11.7328 | 0.0123 | 0.8841 | 0.9776 | 0.8316 | 1.8057 | 0.1287 | 0.1279 | 0.0389 | 0.1681 | 0.3204 | 32.2949 | 0.0097 | 0.9093 | 0.9883 | 0.9518 | 11.0801 | 10.1060 | 10.9654 | 0.0146 | 0.0467 | 0.1610
8 | 11.6893 | 0.0127 | 0.8814 | 0.9778 | 0.8325 | 1.7934 | 0.1091 | 0.1092 | 0.0386 | 0.1672 | 0.3104 | 32.0891 | 0.0099 | 0.9023 | 0.9884 | 0.9533 | 11.0380 | 9.9837 | 10.8792 | 0.0139 | 0.0452 | 0.1421
9 | 11.6732 | 0.0129 | 0.8800 | 0.9780 | 0.8330 | 1.7905 | 0.1016 | 0.1020 | 0.0384 | 0.1667 | 0.3046 | 31.9906 | 0.0100 | 0.8981 | 0.9884 | 0.9540 | 11.0284 | 9.9174 | 10.8545 | 0.0134 | 0.0444 | 0.1314
10 | 11.6653 | 0.0130 | 0.8793 | 0.9781 | 0.8334 | 1.7895 | 0.0973 | 0.0977 | 0.0382 | 0.1663 | 0.3013 | 31.9421 | 0.0099 | 0.8960 | 0.9885 | 0.9545 | 11.0310 | 9.8796 | 10.8204 | 0.0131 | 0.0439 | 0.1261
11 | 11.6224 | 0.0128 | 0.8799 | 0.9781 | 0.8336 | 1.7470 | 0.0952 | 0.0956 | 0.0381 | 0.1661 | 0.3019 | 31.9335 | 0.0094 | 0.8987 | 0.9885 | 0.9550 | 11.0450 | 9.8479 | 10.8028 | 0.0130 | 0.0434 | 0.1280
12 | 11.5927 | 0.0129 | 0.8797 | 0.9782 | 0.8338 | 1.7197 | 0.0927 | 0.0931 | 0.0379 | 0.1659 | 0.3003 | 31.8665 | 0.0098 | 0.8960 | 0.9885 | 0.9553 | 11.0527 | 9.7884 | 10.7601 | 0.0127 | 0.0431 | 0.1224
13 | 11.5902 | 0.0131 | 0.8793 | 0.9782 | 0.8341 | 1.7193 | 0.0912 | 0.0916 | 0.0378 | 0.1656 | 0.2986 | 31.8058 | 0.0100 | 0.8950 | 0.9885 | 0.9556 | 11.0438 | 9.7444 | 10.7248 | 0.0125 | 0.0428 | 0.1195
14 | 11.5886 | 0.0132 | 0.8792 | 0.9783 | 0.8343 | 1.7192 | 0.0900 | 0.0905 | 0.0377 | 0.1654 | 0.2975 | 31.8209 | 0.0100 | 0.8945 | 0.9886 | 0.9558 | 11.0354 | 9.7690 | 10.7356 | 0.0124 | 0.0426 | 0.1175
15 | 11.5878 | 0.0132 | 0.8790 | 0.9783 | 0.8345 | 1.7192 | 0.0895 | 0.0899 | 0.0376 | 0.1652 | 0.2966 | 31.7569 | 0.0100 | 0.8941 | 0.9886 | 0.9559 | 11.0145 | 9.7272 | 10.7388 | 0.0123 | 0.0425 | 0.1158
16 | 11.5871 | 0.0133 | 0.8789 | 0.9784 | 0.8347 | 1.7192 | 0.0890 | 0.0895 | 0.0376 | 0.1650 | 0.2957 | 31.7596 | 0.0100 | 0.8940 | 0.9886 | 0.9559 | 11.0113 | 9.7357 | 10.7164 | 0.0122 | 0.0425 | 0.1148
17 | 11.5866 | 0.0133 | 0.8788 | 0.9784 | 0.8348 | 1.7191 | 0.0889 | 0.0894 | 0.0375 | 0.1649 | 0.2948 | 31.7003 | 0.0101 | 0.8938 | 0.9886 | 0.9560 | 10.9872 | 9.7048 | 10.6821 | 0.0121 | 0.0424 | 0.1138
18 | 11.5862 | 0.0133 | 0.8787 | 0.9784 | 0.8350 | 1.7191 | 0.0887 | 0.0892 | 0.0374 | 0.1647 | 0.2940 | 31.6511 | 0.0100 | 0.8939 | 0.9886 | 0.9560 | 10.9752 | 9.6697 | 10.6610 | 0.0120 | 0.0424 | 0.1131
19 | 11.5861 | 0.0133 | 0.8786 | 0.9784 | 0.8352 | 1.7191 | 0.0888 | 0.0893 | 0.0374 | 0.1646 | 0.2933 | 31.6208 | 0.0100 | 0.8939 | 0.9886 | 0.9560 | 10.9573 | 9.6585 | 10.6461 | 0.0119 | 0.0424 | 0.1122
epoch | loss | sim_loss | var_pred | var_target | var_ctx | cov_pred | cov_target | cov_ctx | feat_std | feat_std_ctx | feat_norm | val_loss | val_sim_loss | val_var_pred | val_var_target | val_var_ctx | val_cov_pred | val_cov_target | val_cov_ctx | val_feat_std | val_feat_std_ctx | val_feat_norm
1 | 31.3518 | 0.0149 | 0.9358 | 0.9115 | 0.3431 | 7.0241 | 13.4933 | 13.5216 | 0.0003 | 0.7029 | 0.0050 | 42.4249 | 0.0145 | 0.9450 | 0.9190 | 0.4019 | 11.8535 | 19.0648 | 19.1321 | 0.0002 | 0.6409 | 0.0040
2 | 28.5805 | 0.0144 | 0.9350 | 0.9115 | 0.3431 | 4.2585 | 13.4937 | 13.5205 | 0.0003 | 0.7029 | 0.0045 | 41.9277 | 0.0142 | 0.9604 | 0.9190 | 0.4019 | 11.2744 | 19.0709 | 19.1300 | 0.0002 | 0.6409 | 0.0042
3 | 27.3117 | 0.0144 | 0.9404 | 0.9115 | 0.3432 | 2.9644 | 13.4927 | 13.5215 | 0.0003 | 0.7028 | 0.0043 | 41.4831 | 0.0140 | 0.9635 | 0.9190 | 0.4019 | 10.8184 | 19.0694 | 19.1192 | 0.0002 | 0.6408 | 0.0038
4 | 26.5520 | 0.0137 | 0.9306 | 0.9115 | 0.3432 | 2.2568 | 13.4927 | 13.5183 | 0.0002 | 0.7027 | 0.0034 | 40.5489 | 0.0130 | 0.9428 | 0.9190 | 0.4020 | 10.0067 | 19.0547 | 19.1247 | 0.0001 | 0.6407 | 0.0022
5 | 26.0376 | 0.0139 | 0.8990 | 0.9115 | 0.3433 | 1.9048 | 13.4875 | 13.5186 | 0.0002 | 0.7025 | 0.0021 | 39.9722 | 0.0133 | 0.9205 | 0.9190 | 0.4021 | 9.5353 | 19.0603 | 19.1143 | 0.0001 | 0.6405 | 0.0012
6 | 25.8222 | 0.0140 | 0.8896 | 0.9115 | 0.3435 | 1.7363 | 13.4873 | 13.5160 | 0.0002 | 0.7023 | 0.0018 | 39.8792 | 0.0133 | 0.9125 | 0.9190 | 0.4023 | 9.4794 | 19.0628 | 19.1172 | 0.0001 | 0.6403 | 0.0009
7 | 25.6473 | 0.0142 | 0.8843 | 0.9115 | 0.3436 | 1.5878 | 13.4864 | 13.5150 | 0.0002 | 0.7021 | 0.0016 | 39.9155 | 0.0130 | 0.9049 | 0.9190 | 0.4024 | 9.5730 | 19.0453 | 19.1173 | 0.0001 | 0.6400 | 0.0007
8 | 25.6112 | 0.0142 | 0.8807 | 0.9115 | 0.3438 | 1.5713 | 13.4851 | 13.5121 | 0.0002 | 0.7018 | 0.0016 | 40.0815 | 0.0125 | 0.8979 | 0.9190 | 0.4026 | 9.7717 | 19.0509 | 19.1084 | 0.0001 | 0.6398 | 0.0006
9 | 25.5982 | 0.0141 | 0.8790 | 0.9115 | 0.3440 | 1.5691 | 13.4829 | 13.5099 | 0.0002 | 0.7014 | 0.0015 | 40.1099 | 0.0121 | 0.8939 | 0.9190 | 0.4028 | 9.8270 | 19.0456 | 19.1057 | 0.0001 | 0.6395 | 0.0005
10 | 25.5892 | 0.0141 | 0.8782 | 0.9115 | 0.3443 | 1.5683 | 13.4789 | 13.5093 | 0.0002 | 0.7010 | 0.0015 | 40.1602 | 0.0120 | 0.8921 | 0.9190 | 0.4032 | 9.8946 | 19.0382 | 19.1014 | 0.0001 | 0.6390 | 0.0005
11 | 25.5867 | 0.0141 | 0.8778 | 0.9115 | 0.3446 | 1.5681 | 13.4790 | 13.5046 | 0.0002 | 0.7005 | 0.0015 | 40.2001 | 0.0120 | 0.8911 | 0.9190 | 0.4034 | 9.9395 | 19.0389 | 19.0938 | 0.0001 | 0.6387 | 0.0005
12 | 25.5807 | 0.0140 | 0.8776 | 0.9115 | 0.3449 | 1.5680 | 13.4744 | 13.5021 | 0.0002 | 0.7001 | 0.0015 | 40.1883 | 0.0118 | 0.8906 | 0.9190 | 0.4037 | 9.9424 | 19.0277 | 19.0922 | 0.0001 | 0.6382 | 0.0005
13 | 25.5789 | 0.0140 | 0.8775 | 0.9115 | 0.3452 | 1.5679 | 13.4737 | 13.4986 | 0.0002 | 0.6996 | 0.0015 | 40.1796 | 0.0116 | 0.8902 | 0.9190 | 0.4039 | 9.9374 | 19.0276 | 19.0857 | 0.0001 | 0.6378 | 0.0005
14 | 25.5731 | 0.0139 | 0.8775 | 0.9115 | 0.3455 | 1.5678 | 13.4685 | 13.4971 | 0.0002 | 0.6992 | 0.0015 | 40.1714 | 0.0116 | 0.8897 | 0.9190 | 0.4042 | 9.9378 | 19.0219 | 19.0799 | 0.0001 | 0.6375 | 0.0005
15 | 25.5719 | 0.0139 | 0.8774 | 0.9115 | 0.3459 | 1.5678 | 13.4679 | 13.4955 | 0.0002 | 0.6987 | 0.0015 | 40.1850 | 0.0114 | 0.8893 | 0.9190 | 0.4045 | 9.9626 | 19.0141 | 19.0715 | 0.0001 | 0.6370 | 0.0005
16 | 25.5683 | 0.0138 | 0.8774 | 0.9115 | 0.3462 | 1.5678 | 13.4647 | 13.4920 | 0.0002 | 0.6982 | 0.0015 | 40.1785 | 0.0114 | 0.8892 | 0.9190 | 0.4048 | 9.9591 | 19.0131 | 19.0600 | 0.0001 | 0.6366 | 0.0005
17 | 25.5629 | 0.0138 | 0.8774 | 0.9115 | 0.3465 | 1.5678 | 13.4598 | 13.4885 | 0.0002 | 0.6978 | 0.0015 | 40.1643 | 0.0112 | 0.8893 | 0.9190 | 0.4050 | 9.9582 | 18.9995 | 19.0654 | 0.0001 | 0.6362 | 0.0005
18 | 25.5599 | 0.0138 | 0.8773 | 0.9115 | 0.3468 | 1.5678 | 13.4572 | 13.4861 | 0.0002 | 0.6973 | 0.0015 | 40.1848 | 0.0112 | 0.8890 | 0.9190 | 0.4053 | 9.9825 | 18.9975 | 19.0632 | 0.0001 | 0.6358 | 0.0005
19 | 25.5585 | 0.0137 | 0.8773 | 0.9115 | 0.3471 | 1.5678 | 13.4564 | 13.4825 | 0.0002 | 0.6969 | 0.0015 | 40.1410 | 0.0110 | 0.8894 | 0.9190 | 0.4056 | 9.9458 | 18.9896 | 19.0561 | 0.0001 | 0.6354 | 0.0005
