epoch | loss | sim_loss | var_loss | feat_std | feat_norm | val_loss | val_sim_loss | val_var_loss | val_feat_std | val_feat_norm
1 | 9.2927 | 0.0062 | 0.3715 | 0.7969 | 22.4299 | 12.0999 | 0.0044 | 0.4838 | 0.3676 | 33.0450
2 | 8.4204 | 0.0033 | 0.3367 | 1.0754 | 37.2048 | 11.7237 | 0.0020 | 0.4689 | 0.4899 | 33.2725
3 | 6.9020 | 0.0013 | 0.2760 | 0.8961 | 30.1722 | 9.1275 | 0.0007 | 0.3651 | 0.4996 | 30.9632
4 | 6.3990 | 0.0007 | 0.2559 | 0.9941 | 31.2216 | 11.1641 | 0.0004 | 0.4465 | 0.6560 | 31.9570
5 | 6.8542 | 0.0006 | 0.2741 | 1.2500 | 29.7578 | 12.9350 | 0.0004 | 0.5174 | 0.8769 | 28.9236
6 | 6.5597 | 0.0006 | 0.2624 | 1.4200 | 29.2122 | 13.3467 | 0.0004 | 0.5339 | 0.9617 | 29.8645
7 | 6.0345 | 0.0005 | 0.2414 | 1.5320 | 30.3994 | 13.9135 | 0.0004 | 0.5565 | 1.0477 | 31.2834
8 | 5.3584 | 0.0005 | 0.2143 | 1.6546 | 31.9759 | 12.8745 | 0.0004 | 0.5150 | 1.1822 | 33.0219
9 | 4.9909 | 0.0005 | 0.1996 | 1.7930 | 33.8407 | 12.4326 | 0.0004 | 0.4973 | 1.3154 | 36.0572
10 | 4.9029 | 0.0005 | 0.1961 | 1.9158 | 36.0745 | 12.7147 | 0.0003 | 0.5086 | 1.3956 | 38.7288
11 | 4.8911 | 0.0005 | 0.1956 | 2.0185 | 37.8456 | 12.3964 | 0.0003 | 0.4958 | 1.4582 | 39.3943
12 | 4.7286 | 0.0004 | 0.1891 | 2.0603 | 38.4003 | 12.8003 | 0.0003 | 0.5120 | 1.4691 | 39.3921
13 | 4.6712 | 0.0004 | 0.1868 | 2.0990 | 39.0376 | 12.6664 | 0.0003 | 0.5066 | 1.5035 | 40.1096
14 | 4.6859 | 0.0004 | 0.1874 | 2.1240 | 39.4900 | 13.1178 | 0.0003 | 0.5247 | 1.5087 | 40.8916
15 | 4.7551 | 0.0004 | 0.1902 | 2.1816 | 40.5368 | 13.0897 | 0.0003 | 0.5236 | 1.5739 | 42.1019
16 | 4.6349 | 0.0004 | 0.1854 | 2.2335 | 41.3400 | 13.0614 | 0.0003 | 0.5224 | 1.5990 | 42.5513
17 | 4.5965 | 0.0004 | 0.1838 | 2.2952 | 42.6592 | 12.8943 | 0.0003 | 0.5158 | 1.6404 | 43.2786
18 | 4.5772 | 0.0004 | 0.1831 | 2.3285 | 43.2353 | 12.4767 | 0.0003 | 0.4991 | 1.7017 | 45.4349
19 | 4.6942 | 0.0004 | 0.1878 | 2.4343 | 45.2371 | 12.5650 | 0.0003 | 0.5026 | 1.7436 | 46.3480
20 | 4.5764 | 0.0004 | 0.1830 | 2.4283 | 45.2496 | 12.4091 | 0.0003 | 0.4964 | 1.7632 | 46.4470
21 | 4.6340 | 0.0003 | 0.1853 | 2.4611 | 46.0058 | 12.7980 | 0.0003 | 0.5119 | 1.7739 | 47.2163
22 | 4.5778 | 0.0003 | 0.1831 | 2.5199 | 47.1021 | 12.7038 | 0.0003 | 0.5081 | 1.8036 | 47.9945
23 | 4.6806 | 0.0003 | 0.1872 | 2.5524 | 47.8816 | 12.3153 | 0.0003 | 0.4926 | 1.8748 | 50.9244
24 | 4.7497 | 0.0003 | 0.1900 | 2.6521 | 49.9741 | 12.3704 | 0.0003 | 0.4948 | 1.8937 | 50.6770
25 | 4.6735 | 0.0003 | 0.1869 | 2.6756 | 50.3767 | 12.5464 | 0.0002 | 0.5018 | 1.9147 | 51.6803
26 | 4.7302 | 0.0003 | 0.1892 | 2.7087 | 51.0757 | 12.0517 | 0.0003 | 0.4821 | 1.9824 | 53.8465
27 | 4.8535 | 0.0003 | 0.1941 | 2.7871 | 52.6646 | 11.9766 | 0.0003 | 0.4791 | 2.0424 | 54.7448
28 | 4.8263 | 0.0003 | 0.1930 | 2.8177 | 53.2340 | 12.2435 | 0.0003 | 0.4897 | 2.0160 | 54.2998
29 | 4.9427 | 0.0003 | 0.1977 | 2.8380 | 53.5682 | 12.7073 | 0.0002 | 0.5083 | 2.0171 | 54.6218
30 | 4.8652 | 0.0003 | 0.1946 | 2.9225 | 55.2815 | 12.2962 | 0.0002 | 0.4918 | 2.0875 | 56.7542
31 | 5.0491 | 0.0003 | 0.2020 | 2.9382 | 55.6682 | 12.2046 | 0.0002 | 0.4882 | 2.1200 | 57.0460
32 | 5.1506 | 0.0003 | 0.2060 | 3.0014 | 56.9680 | 12.1596 | 0.0002 | 0.4864 | 2.1799 | 58.9298
33 | 5.2144 | 0.0003 | 0.2086 | 3.0411 | 57.6908 | 12.1982 | 0.0002 | 0.4879 | 2.1979 | 59.5471
34 | 5.2425 | 0.0003 | 0.2097 | 3.0786 | 58.5287 | 12.4505 | 0.0002 | 0.4980 | 2.1990 | 59.5132
35 | 5.4477 | 0.0003 | 0.2179 | 3.1008 | 58.7833 | 12.3570 | 0.0002 | 0.4943 | 2.2416 | 60.6529
36 | 5.6130 | 0.0003 | 0.2245 | 3.1614 | 59.9477 | 12.1599 | 0.0002 | 0.4864 | 2.3140 | 63.0080
37 | 5.4566 | 0.0003 | 0.2183 | 3.2403 | 61.4465 | 12.0276 | 0.0002 | 0.4811 | 2.3562 | 64.0956
38 | 5.5817 | 0.0003 | 0.2233 | 3.2878 | 62.4403 | 12.1366 | 0.0002 | 0.4855 | 2.3819 | 65.4687
39 | 5.4154 | 0.0003 | 0.2166 | 3.3550 | 64.1521 | 12.0159 | 0.0002 | 0.4806 | 2.4050 | 65.2745
40 | 5.4758 | 0.0003 | 0.2190 | 3.3833 | 64.3274 | 12.5043 | 0.0002 | 0.5002 | 2.3940 | 64.9447
41 | 5.5891 | 0.0003 | 0.2236 | 3.3963 | 64.3479 | 12.4863 | 0.0002 | 0.4994 | 2.4192 | 66.3468
42 | 5.6853 | 0.0003 | 0.2274 | 3.4347 | 65.4145 | 12.6238 | 0.0002 | 0.5049 | 2.4429 | 66.8345
43 | 5.6984 | 0.0003 | 0.2279 | 3.4912 | 66.4373 | 12.3727 | 0.0002 | 0.4949 | 2.5070 | 69.7030
44 | 5.7520 | 0.0003 | 0.2301 | 3.5763 | 68.1315 | 12.4917 | 0.0002 | 0.4997 | 2.5129 | 69.2184
45 | 5.6818 | 0.0003 | 0.2273 | 3.6106 | 68.8094 | 12.3219 | 0.0002 | 0.4929 | 2.5654 | 70.5712
46 | 5.6652 | 0.0003 | 0.2266 | 3.6634 | 69.8132 | 12.1415 | 0.0002 | 0.4857 | 2.6065 | 72.4263
47 | 5.8828 | 0.0003 | 0.2353 | 3.6998 | 70.5159 | 12.1844 | 0.0002 | 0.4874 | 2.6035 | 72.9952
48 | 5.6905 | 0.0003 | 0.2276 | 3.7304 | 71.6967 | 12.1505 | 0.0002 | 0.4860 | 2.6112 | 73.9498
49 | 5.8591 | 0.0003 | 0.2344 | 3.7461 | 72.2436 | 12.2391 | 0.0003 | 0.4896 | 2.5992 | 74.0355
50 | 5.8919 | 0.0003 | 0.2357 | 3.7682 | 73.0751 | 12.0224 | 0.0002 | 0.4809 | 2.6425 | 75.3246
51 | 5.8377 | 0.0003 | 0.2335 | 3.8100 | 74.4058 | 11.9685 | 0.0003 | 0.4787 | 2.6141 | 76.2423
52 | 6.0193 | 0.0003 | 0.2408 | 3.8251 | 75.0806 | 11.9787 | 0.0003 | 0.4791 | 2.6812 | 77.6241
53 | 6.0042 | 0.0003 | 0.2402 | 3.9005 | 75.9128 | 11.7263 | 0.0002 | 0.4690 | 2.7171 | 78.0257
54 | 5.8839 | 0.0003 | 0.2353 | 3.9671 | 77.3694 | 11.7907 | 0.0002 | 0.4716 | 2.7358 | 79.2677
55 | 5.8869 | 0.0003 | 0.2355 | 4.0007 | 78.1774 | 11.8691 | 0.0002 | 0.4748 | 2.7766 | 80.8566
56 | 5.9227 | 0.0003 | 0.2369 | 4.0633 | 79.3141 | 11.5885 | 0.0002 | 0.4635 | 2.8016 | 81.7620
57 | 5.8980 | 0.0003 | 0.2359 | 4.0983 | 80.4537 | 11.8354 | 0.0003 | 0.4734 | 2.8233 | 82.2495
58 | 6.0118 | 0.0003 | 0.2405 | 4.1363 | 81.3755 | 11.5855 | 0.0002 | 0.4634 | 2.8579 | 83.7380
59 | 5.9491 | 0.0003 | 0.2380 | 4.1478 | 81.8178 | 11.6909 | 0.0002 | 0.4676 | 2.8246 | 82.8632
60 | 6.0531 | 0.0003 | 0.2421 | 4.1939 | 82.2387 | 11.5128 | 0.0002 | 0.4605 | 2.9140 | 84.9512
61 | 5.9822 | 0.0003 | 0.2393 | 4.2624 | 83.4572 | 11.4172 | 0.0002 | 0.4567 | 2.9328 | 85.7765
62 | 6.1388 | 0.0003 | 0.2455 | 4.2632 | 83.7783 | 11.6398 | 0.0002 | 0.4656 | 2.9234 | 85.8669
63 | 6.0144 | 0.0003 | 0.2406 | 4.3024 | 84.5896 | 11.6807 | 0.0002 | 0.4672 | 2.8984 | 85.4852
64 | 6.0772 | 0.0003 | 0.2431 | 4.3067 | 85.1516 | 11.7536 | 0.0002 | 0.4701 | 2.9012 | 87.2940
65 | 6.0918 | 0.0003 | 0.2437 | 4.3632 | 86.3273 | 12.0156 | 0.0002 | 0.4806 | 2.9126 | 88.0939
66 | 6.2037 | 0.0003 | 0.2481 | 4.4062 | 86.9781 | 12.0090 | 0.0008 | 0.4803 | 2.7961 | 89.1455
67 | 6.2994 | 0.0003 | 0.2520 | 4.3960 | 87.8248 | 12.0652 | 0.0002 | 0.4826 | 2.9265 | 90.7666
68 | 6.1697 | 0.0002 | 0.2468 | 4.5038 | 89.5792 | 11.8959 | 0.0006 | 0.4758 | 2.9185 | 90.6804
69 | 6.2887 | 0.0003 | 0.2515 | 4.5409 | 90.4419 | 11.8534 | 0.0002 | 0.4741 | 2.9774 | 92.5958
70 | 6.1190 | 0.0002 | 0.2448 | 4.5774 | 91.6823 | 11.8342 | 0.0002 | 0.4734 | 2.9968 | 92.5336
71 | 6.1763 | 0.0002 | 0.2470 | 4.6044 | 91.9610 | 11.8846 | 0.0002 | 0.4754 | 2.9916 | 92.7134
72 | 6.1982 | 0.0002 | 0.2479 | 4.6350 | 92.8411 | 11.3504 | 0.0002 | 0.4540 | 3.0539 | 95.9800
73 | 6.1351 | 0.0002 | 0.2454 | 4.6837 | 94.1163 | 11.8125 | 0.0002 | 0.4725 | 3.0074 | 95.6371
74 | 6.2606 | 0.0002 | 0.2504 | 4.7027 | 94.5661 | 11.5998 | 0.0002 | 0.4640 | 3.0628 | 96.5941
75 | 6.1723 | 0.0002 | 0.2469 | 4.7649 | 95.7817 | 11.8324 | 0.0002 | 0.4733 | 3.1002 | 96.6556
76 | 6.3083 | 0.0002 | 0.2523 | 4.7836 | 95.9588 | 11.7282 | 0.0002 | 0.4691 | 3.1468 | 98.7160
77 | 6.2555 | 0.0002 | 0.2502 | 4.8628 | 97.2754 | 11.8325 | 0.0002 | 0.4733 | 3.1927 | 99.6730
78 | 6.4249 | 0.0002 | 0.2570 | 4.8995 | 97.4138 | 11.9673 | 0.0002 | 0.4787 | 3.2418 | 101.3425
79 | 6.3556 | 0.0002 | 0.2542 | 4.9326 | 98.3178 | 12.0501 | 0.0002 | 0.4820 | 3.2181 | 101.1830
80 | 6.3611 | 0.0002 | 0.2544 | 4.9409 | 98.7279 | 11.8889 | 0.0002 | 0.4755 | 3.2458 | 102.2911
81 | 6.3697 | 0.0002 | 0.2548 | 5.0012 | 99.8714 | 11.9266 | 0.0002 | 0.4771 | 3.3233 | 103.1221
82 | 6.3838 | 0.0002 | 0.2553 | 5.0270 | 100.7646 | 11.6883 | 0.0002 | 0.4675 | 3.3204 | 104.2451
83 | 6.4453 | 0.0002 | 0.2578 | 5.0605 | 101.6026 | 11.5384 | 0.0002 | 0.4615 | 3.3942 | 105.2321
84 | 6.4182 | 0.0002 | 0.2567 | 5.1010 | 102.4043 | 11.3223 | 0.0002 | 0.4529 | 3.4304 | 106.4595
85 | 6.4338 | 0.0002 | 0.2573 | 5.1085 | 103.0103 | 11.7309 | 0.0002 | 0.4692 | 3.4309 | 105.6232
86 | 6.6141 | 0.0002 | 0.2646 | 5.1184 | 103.0683 | 11.5007 | 0.0002 | 0.4600 | 3.3756 | 106.4497
87 | 6.4992 | 0.0002 | 0.2600 | 5.1801 | 104.6799 | 11.6838 | 0.0002 | 0.4673 | 3.3974 | 107.6456
88 | 6.5469 | 0.0002 | 0.2619 | 5.2558 | 105.7041 | 11.9094 | 0.0002 | 0.4764 | 3.4079 | 107.8438
89 | 6.6835 | 0.0002 | 0.2673 | 5.2504 | 105.7156 | 12.0592 | 0.0001 | 0.4824 | 3.4011 | 108.3882
90 | 6.8178 | 0.0002 | 0.2727 | 5.2565 | 105.9500 | 11.9813 | 0.0001 | 0.4792 | 3.4234 | 108.4844
91 | 6.6461 | 0.0002 | 0.2658 | 5.3126 | 107.8453 | 11.8673 | 0.0001 | 0.4747 | 3.4724 | 110.2551
92 | 6.7361 | 0.0002 | 0.2694 | 5.3469 | 108.0154 | 11.9333 | 0.0002 | 0.4773 | 3.5198 | 111.8923
93 | 6.7269 | 0.0002 | 0.2691 | 5.3858 | 109.1295 | 12.3268 | 0.0002 | 0.4931 | 3.4926 | 112.0224
94 | 6.7534 | 0.0002 | 0.2701 | 5.4355 | 109.9906 | 12.1483 | 0.0001 | 0.4859 | 3.5080 | 113.3615
95 | 6.7067 | 0.0002 | 0.2683 | 5.5197 | 111.1393 | 11.7770 | 0.0001 | 0.4711 | 3.6264 | 114.9966
96 | 6.5621 | 0.0002 | 0.2625 | 5.5461 | 111.9706 | 11.8777 | 0.0001 | 0.4751 | 3.6302 | 114.9292
97 | 6.6860 | 0.0002 | 0.2674 | 5.5553 | 111.8541 | 12.0822 | 0.0001 | 0.4833 | 3.6865 | 114.6609
98 | 6.7582 | 0.0002 | 0.2703 | 5.6332 | 112.8761 | 12.2489 | 0.0001 | 0.4899 | 3.7220 | 115.2108
99 | 6.8676 | 0.0002 | 0.2747 | 5.6532 | 112.8991 | 12.0525 | 0.0001 | 0.4821 | 3.6765 | 117.2527
100 | 6.9283 | 0.0002 | 0.2771 | 5.6585 | 113.6103 | 12.1636 | 0.0001 | 0.4865 | 3.7483 | 116.6781
