epoch | loss | sim_loss | var_loss | feat_std | feat_norm | val_loss | val_sim_loss | val_var_loss | val_feat_std | val_feat_norm
1 | 8.5346 | 0.0049 | 0.3412 | 0.7801 | 29.0745 | 8.0752 | 0.0028 | 0.3229 | 0.3215 | 33.3195
2 | 5.9985 | 0.0014 | 0.2399 | 0.8777 | 31.8124 | 9.0818 | 0.0004 | 0.3633 | 0.4162 | 32.8563
3 | 5.3990 | 0.0007 | 0.2159 | 1.4116 | 34.5023 | 12.8690 | 0.0004 | 0.5147 | 0.9580 | 33.9047
4 | 3.8214 | 0.0005 | 0.1528 | 1.7222 | 34.2109 | 13.1718 | 0.0003 | 0.5269 | 1.1486 | 36.5408
5 | 4.0766 | 0.0004 | 0.1630 | 1.8174 | 34.8889 | 14.6318 | 0.0002 | 0.5853 | 1.1905 | 36.0991
6 | 4.3869 | 0.0004 | 0.1755 | 1.9152 | 36.2932 | 15.0886 | 0.0003 | 0.6035 | 1.3611 | 41.4265
7 | 4.6968 | 0.0004 | 0.1879 | 2.1484 | 40.0910 | 15.2920 | 0.0002 | 0.6117 | 1.3891 | 40.0602
8 | 5.2212 | 0.0003 | 0.2088 | 2.2033 | 40.7501 | 15.2711 | 0.0002 | 0.6108 | 1.4918 | 42.4198
9 | 5.4910 | 0.0003 | 0.2196 | 2.2911 | 42.1059 | 15.4171 | 0.0002 | 0.6167 | 1.5603 | 44.3109
10 | 5.6299 | 0.0003 | 0.2252 | 2.4038 | 44.0885 | 14.6041 | 0.0002 | 0.5842 | 1.7125 | 47.3697
11 | 5.8175 | 0.0003 | 0.2327 | 2.5535 | 47.1389 | 14.8069 | 0.0002 | 0.5923 | 1.7559 | 48.9470
12 | 5.7145 | 0.0003 | 0.2286 | 2.6731 | 49.4444 | 14.5878 | 0.0002 | 0.5835 | 1.8284 | 51.2299
13 | 5.7904 | 0.0003 | 0.2316 | 2.7858 | 51.7434 | 14.4550 | 0.0002 | 0.5782 | 1.9084 | 53.9094
14 | 6.0915 | 0.0003 | 0.2436 | 2.9211 | 54.7708 | 13.5580 | 0.0002 | 0.5423 | 2.0033 | 56.1880
15 | 5.9614 | 0.0003 | 0.2384 | 2.9979 | 56.6859 | 13.7085 | 0.0002 | 0.5483 | 2.0657 | 59.0714
16 | 6.1545 | 0.0003 | 0.2462 | 3.1033 | 59.0496 | 13.3709 | 0.0002 | 0.5348 | 2.1528 | 63.4248
17 | 6.1132 | 0.0003 | 0.2445 | 3.2758 | 62.1088 | 13.9990 | 0.0002 | 0.5600 | 2.2041 | 63.8818
18 | 6.2637 | 0.0003 | 0.2505 | 3.3779 | 63.7544 | 13.5335 | 0.0002 | 0.5413 | 2.3241 | 68.5010
19 | 6.4177 | 0.0003 | 0.2567 | 3.5018 | 66.2367 | 14.0298 | 0.0002 | 0.5612 | 2.3470 | 69.8041
20 | 6.5188 | 0.0003 | 0.2607 | 3.6224 | 68.3831 | 13.8774 | 0.0002 | 0.5551 | 2.4324 | 72.2509
21 | 6.4199 | 0.0003 | 0.2568 | 3.7315 | 71.0792 | 13.9901 | 0.0002 | 0.5596 | 2.4811 | 74.3622
22 | 6.4563 | 0.0003 | 0.2582 | 3.8656 | 73.6163 | 14.0277 | 0.0002 | 0.5611 | 2.5091 | 75.6505
23 | 6.5315 | 0.0003 | 0.2612 | 3.8732 | 74.6040 | 13.6104 | 0.0002 | 0.5444 | 2.5680 | 77.7796
24 | 6.6030 | 0.0003 | 0.2641 | 3.9397 | 75.9757 | 13.1415 | 0.0002 | 0.5257 | 2.6770 | 79.3963
25 | 6.7236 | 0.0003 | 0.2689 | 4.0137 | 77.7651 | 13.0382 | 0.0002 | 0.5215 | 2.7045 | 81.3980
26 | 6.7765 | 0.0003 | 0.2711 | 4.0829 | 79.4143 | 12.9943 | 0.0002 | 0.5198 | 2.7878 | 82.3402
27 | 6.7007 | 0.0003 | 0.2680 | 4.1725 | 81.3761 | 13.1777 | 0.0002 | 0.5271 | 2.8014 | 84.3991
28 | 6.6438 | 0.0003 | 0.2657 | 4.2842 | 83.4206 | 12.8340 | 0.0002 | 0.5134 | 2.8958 | 86.3196
29 | 6.8534 | 0.0003 | 0.2741 | 4.3076 | 84.0910 | 12.9938 | 0.0002 | 0.5197 | 2.9231 | 87.0989
30 | 6.7373 | 0.0003 | 0.2695 | 4.4124 | 86.3807 | 12.9993 | 0.0002 | 0.5200 | 3.0327 | 90.0829
31 | 6.8287 | 0.0003 | 0.2731 | 4.5105 | 88.0835 | 12.6700 | 0.0002 | 0.5068 | 3.0705 | 91.3931
32 | 7.0799 | 0.0003 | 0.2832 | 4.5682 | 89.1369 | 13.1629 | 0.0002 | 0.5265 | 3.0669 | 92.3484
33 | 7.1899 | 0.0003 | 0.2876 | 4.6200 | 90.8328 | 13.1462 | 0.0002 | 0.5258 | 3.0815 | 94.0308
34 | 7.2923 | 0.0003 | 0.2917 | 4.6548 | 91.5552 | 13.1768 | 0.0002 | 0.5271 | 3.1464 | 94.6245
35 | 7.3477 | 0.0003 | 0.2939 | 4.7596 | 93.2914 | 13.8593 | 0.0002 | 0.5544 | 3.1106 | 94.1719
36 | 7.4565 | 0.0003 | 0.2982 | 4.7530 | 93.3450 | 13.4930 | 0.0002 | 0.5397 | 3.1357 | 95.6283
37 | 7.5130 | 0.0003 | 0.3005 | 4.7662 | 93.5861 | 13.9935 | 0.0002 | 0.5597 | 3.1395 | 96.1790
38 | 7.4008 | 0.0002 | 0.2960 | 4.7896 | 94.5757 | 14.2380 | 0.0002 | 0.5695 | 3.0826 | 98.9946
39 | 7.4714 | 0.0002 | 0.2988 | 4.7866 | 95.3437 | 14.1038 | 0.0002 | 0.5641 | 3.1049 | 98.0590
40 | 7.6919 | 0.0003 | 0.3077 | 4.7593 | 95.8668 | 13.7593 | 0.0002 | 0.5504 | 3.1326 | 99.1220
41 | 7.8268 | 0.0003 | 0.3131 | 4.7983 | 97.2941 | 13.9581 | 0.0004 | 0.5583 | 3.0813 | 100.2687
42 | 7.9341 | 0.0003 | 0.3174 | 4.8517 | 98.3917 | 13.8166 | 0.0002 | 0.5527 | 3.1712 | 100.3122
43 | 7.9612 | 0.0003 | 0.3184 | 4.8529 | 98.6145 | 13.6137 | 0.0002 | 0.5445 | 3.2261 | 100.7280
44 | 7.9665 | 0.0003 | 0.3187 | 4.9201 | 99.9046 | 14.0203 | 0.0002 | 0.5608 | 3.2869 | 101.7832
45 | 8.1392 | 0.0003 | 0.3256 | 4.9339 | 100.1168 | 14.0141 | 0.0002 | 0.5606 | 3.3078 | 102.4334
46 | 8.0923 | 0.0003 | 0.3237 | 5.0143 | 100.9831 | 14.8709 | 0.0002 | 0.5948 | 3.2222 | 103.5034
47 | 8.1994 | 0.0003 | 0.3280 | 5.0354 | 101.7123 | 15.0801 | 0.0002 | 0.6032 | 3.2317 | 105.0734
48 | 8.4723 | 0.0003 | 0.3389 | 5.0212 | 101.2253 | 14.7233 | 0.0003 | 0.5889 | 3.3134 | 106.5411
49 | 8.4514 | 0.0003 | 0.3380 | 5.0998 | 102.5292 | 14.6403 | 0.0003 | 0.5856 | 3.3752 | 105.1698
50 | 8.4781 | 0.0003 | 0.3391 | 5.1341 | 103.1564 | 14.6468 | 0.0003 | 0.5859 | 3.3824 | 105.9127
51 | 8.5446 | 0.0003 | 0.3418 | 5.1055 | 104.1716 | 14.2776 | 0.0003 | 0.5711 | 3.3898 | 106.2203
52 | 8.5089 | 0.0003 | 0.3403 | 5.1040 | 104.6181 | 14.3399 | 0.0003 | 0.5736 | 3.3726 | 107.8527
53 | 8.4615 | 0.0003 | 0.3384 | 5.1280 | 105.5053 | 14.2171 | 0.0003 | 0.5687 | 3.4180 | 107.9569
54 | 8.4932 | 0.0003 | 0.3397 | 5.1603 | 106.2820 | 14.1780 | 0.0003 | 0.5671 | 3.4281 | 108.4510
55 | 8.4697 | 0.0003 | 0.3388 | 5.1935 | 107.0077 | 14.4930 | 0.0003 | 0.5797 | 3.4327 | 110.2029
56 | 8.6156 | 0.0003 | 0.3446 | 5.1952 | 107.6257 | 14.3225 | 0.0003 | 0.5729 | 3.4718 | 110.0964
57 | 8.5228 | 0.0004 | 0.3409 | 5.2629 | 108.2962 | 14.3247 | 0.0003 | 0.5730 | 3.5545 | 111.7589
58 | 8.4840 | 0.0004 | 0.3393 | 5.3387 | 108.9339 | 14.2492 | 0.0003 | 0.5700 | 3.5944 | 112.3008
59 | 8.5769 | 0.0004 | 0.3431 | 5.3661 | 109.6132 | 13.8733 | 0.0003 | 0.5549 | 3.6354 | 112.9586
60 | 8.6634 | 0.0004 | 0.3465 | 5.3880 | 110.0534 | 14.1128 | 0.0004 | 0.5645 | 3.5814 | 115.3880
61 | 8.5984 | 0.0004 | 0.3439 | 5.4341 | 111.0952 | 13.8227 | 0.0003 | 0.5529 | 3.6838 | 114.4785
62 | 8.5681 | 0.0004 | 0.3427 | 5.4443 | 111.9521 | 13.6975 | 0.0003 | 0.5479 | 3.7492 | 115.3431
63 | 8.5035 | 0.0004 | 0.3401 | 5.5017 | 112.0718 | 13.3786 | 0.0004 | 0.5351 | 3.7832 | 115.3375
64 | 8.4837 | 0.0004 | 0.3393 | 5.5104 | 112.9048 | 13.3836 | 0.0004 | 0.5353 | 3.7845 | 115.3679
65 | 8.6844 | 0.0004 | 0.3474 | 5.5162 | 113.1262 | 13.3211 | 0.0003 | 0.5328 | 3.8114 | 117.2422
66 | 8.7854 | 0.0004 | 0.3514 | 5.5178 | 113.4431 | 13.1688 | 0.0004 | 0.5267 | 3.8834 | 116.6697
67 | 8.7601 | 0.0004 | 0.3504 | 5.5546 | 114.0536 | 13.0145 | 0.0004 | 0.5206 | 3.8556 | 118.2357
68 | 8.8838 | 0.0004 | 0.3553 | 5.4949 | 114.2166 | 12.8090 | 0.0004 | 0.5123 | 3.8648 | 117.8540
69 | 8.8294 | 0.0004 | 0.3532 | 5.5021 | 114.9180 | 12.8543 | 0.0004 | 0.5142 | 3.8158 | 116.3296
70 | 8.7776 | 0.0004 | 0.3511 | 5.4805 | 115.1116 | 12.8190 | 0.0004 | 0.5127 | 3.7925 | 116.7730
71 | 8.7560 | 0.0004 | 0.3502 | 5.4608 | 115.5159 | 12.7302 | 0.0004 | 0.5092 | 3.7866 | 117.3641
72 | 8.8044 | 0.0004 | 0.3522 | 5.4215 | 115.0309 | 12.7080 | 0.0004 | 0.5083 | 3.7737 | 119.0452
73 | 8.7766 | 0.0004 | 0.3510 | 5.4474 | 115.6199 | 12.7524 | 0.0004 | 0.5101 | 3.7899 | 118.4980
74 | 8.8668 | 0.0004 | 0.3547 | 5.4394 | 115.6649 | 12.6998 | 0.0004 | 0.5080 | 3.7982 | 117.5474
75 | 8.8843 | 0.0005 | 0.3554 | 5.4647 | 115.6364 | 12.6391 | 0.0004 | 0.5055 | 3.8184 | 118.7184
76 | 8.8203 | 0.0005 | 0.3528 | 5.4874 | 115.9363 | 12.6294 | 0.0004 | 0.5052 | 3.8375 | 118.6229
77 | 8.8905 | 0.0005 | 0.3556 | 5.4794 | 115.4379 | 12.4337 | 0.0004 | 0.4973 | 3.8432 | 118.8355
78 | 8.9147 | 0.0005 | 0.3566 | 5.4671 | 115.2754 | 12.4399 | 0.0004 | 0.4976 | 3.8533 | 117.7883
79 | 8.9280 | 0.0005 | 0.3571 | 5.4722 | 115.2230 | 12.1692 | 0.0004 | 0.4868 | 3.8815 | 118.5948
80 | 8.8805 | 0.0005 | 0.3552 | 5.4852 | 115.5803 | 12.4172 | 0.0004 | 0.4967 | 3.8449 | 118.8736
81 | 8.7870 | 0.0005 | 0.3515 | 5.5157 | 116.0066 | 12.2631 | 0.0004 | 0.4905 | 3.8630 | 118.5612
82 | 8.9130 | 0.0005 | 0.3565 | 5.4887 | 115.2859 | 12.4150 | 0.0004 | 0.4966 | 3.8251 | 117.6021
83 | 8.8258 | 0.0005 | 0.3530 | 5.4899 | 115.7275 | 12.1527 | 0.0004 | 0.4861 | 3.8657 | 119.3941
84 | 8.7146 | 0.0005 | 0.3486 | 5.5111 | 116.1621 | 12.2992 | 0.0004 | 0.4920 | 3.8548 | 118.6442
85 | 8.7475 | 0.0005 | 0.3499 | 5.5105 | 115.9846 | 12.3373 | 0.0004 | 0.4935 | 3.8358 | 118.3340
86 | 8.8255 | 0.0005 | 0.3530 | 5.4943 | 115.5962 | 12.2532 | 0.0004 | 0.4901 | 3.8493 | 118.6406
87 | 8.9011 | 0.0005 | 0.3560 | 5.4828 | 115.2193 | 12.1837 | 0.0004 | 0.4873 | 3.8669 | 118.6865
88 | 8.9023 | 0.0005 | 0.3561 | 5.4871 | 115.2302 | 12.2355 | 0.0004 | 0.4894 | 3.8676 | 118.6865
89 | 8.9230 | 0.0005 | 0.3569 | 5.4861 | 115.0564 | 12.2815 | 0.0004 | 0.4912 | 3.8494 | 118.1827
90 | 9.0136 | 0.0005 | 0.3605 | 5.4697 | 114.5462 | 12.4180 | 0.0004 | 0.4967 | 3.8241 | 117.8074
91 | 8.9441 | 0.0005 | 0.3577 | 5.4788 | 114.7384 | 12.3906 | 0.0004 | 0.4956 | 3.8163 | 117.2661
92 | 8.9728 | 0.0005 | 0.3589 | 5.4737 | 114.7666 | 12.3341 | 0.0004 | 0.4933 | 3.8415 | 117.9712
93 | 8.9835 | 0.0005 | 0.3593 | 5.4736 | 114.6738 | 12.2353 | 0.0004 | 0.4894 | 3.8331 | 117.9274
94 | 8.9252 | 0.0005 | 0.3570 | 5.4786 | 114.9690 | 12.1349 | 0.0004 | 0.4854 | 3.8480 | 118.1080
95 | 8.9091 | 0.0005 | 0.3563 | 5.4840 | 115.0533 | 12.0896 | 0.0004 | 0.4836 | 3.8527 | 118.2368
96 | 8.8893 | 0.0005 | 0.3556 | 5.4907 | 115.1526 | 12.0493 | 0.0004 | 0.4820 | 3.8487 | 118.1961
97 | 8.8524 | 0.0005 | 0.3541 | 5.4994 | 115.2700 | 12.0781 | 0.0004 | 0.4831 | 3.8510 | 118.2559
98 | 8.8553 | 0.0005 | 0.3542 | 5.5102 | 115.3381 | 11.9692 | 0.0004 | 0.4788 | 3.8709 | 118.4390
99 | 8.8576 | 0.0005 | 0.3543 | 5.5123 | 115.3729 | 11.9554 | 0.0004 | 0.4782 | 3.8830 | 118.8183
100 | 8.8851 | 0.0005 | 0.3554 | 5.5230 | 115.4841 | 12.0491 | 0.0004 | 0.4819 | 3.8839 | 118.2608
