epoch | loss | sim_loss | var_loss | feat_std | feat_norm | val_loss | val_sim_loss | val_var_loss | val_feat_std | val_feat_norm
1 | 9.5168 | 0.0060 | 0.3804 | 0.9558 | 22.7484 | 15.9136 | 0.0044 | 0.6364 | 0.5090 | 33.8586
2 | 8.6737 | 0.0030 | 0.3468 | 1.4073 | 38.2058 | 12.5325 | 0.0019 | 0.5012 | 0.4141 | 32.9652
3 | 6.7505 | 0.0014 | 0.2700 | 0.9031 | 29.1259 | 9.7973 | 0.0007 | 0.3919 | 0.5083 | 28.3066
4 | 6.2042 | 0.0007 | 0.2481 | 0.9640 | 28.6855 | 11.9736 | 0.0004 | 0.4789 | 0.6166 | 29.7689
5 | 6.8238 | 0.0006 | 0.2729 | 1.2398 | 28.9499 | 12.9469 | 0.0004 | 0.5179 | 0.8151 | 28.8736
6 | 6.4622 | 0.0006 | 0.2585 | 1.3793 | 29.1468 | 12.9196 | 0.0004 | 0.5168 | 0.9104 | 27.9270
7 | 5.8066 | 0.0005 | 0.2322 | 1.4845 | 29.7572 | 12.7524 | 0.0004 | 0.5101 | 1.0103 | 29.6518
8 | 5.2252 | 0.0005 | 0.2090 | 1.6013 | 31.0842 | 12.9726 | 0.0003 | 0.5189 | 1.0878 | 31.5184
9 | 4.8159 | 0.0004 | 0.1926 | 1.6794 | 31.8651 | 12.6649 | 0.0003 | 0.5066 | 1.1933 | 34.3793
10 | 5.3947 | 0.0004 | 0.2158 | 1.7840 | 34.0182 | 13.9886 | 0.0003 | 0.5595 | 1.1987 | 35.2750
11 | 5.0548 | 0.0004 | 0.2022 | 1.8650 | 34.7128 | 14.1938 | 0.0003 | 0.5677 | 1.2282 | 35.1440
12 | 4.8563 | 0.0004 | 0.1942 | 1.8778 | 34.6126 | 14.3624 | 0.0003 | 0.5745 | 1.2735 | 37.9596
13 | 5.5562 | 0.0004 | 0.2222 | 1.9742 | 36.7633 | 13.8583 | 0.0003 | 0.5543 | 1.3311 | 37.7330
14 | 5.0410 | 0.0004 | 0.2016 | 2.0103 | 37.0657 | 14.1445 | 0.0003 | 0.5658 | 1.3554 | 38.2582
15 | 4.9637 | 0.0003 | 0.1985 | 2.0554 | 37.7196 | 13.6321 | 0.0003 | 0.5453 | 1.4245 | 40.2898
16 | 5.7179 | 0.0004 | 0.2287 | 2.1076 | 39.0282 | 14.1345 | 0.0002 | 0.5654 | 1.4407 | 39.4553
17 | 5.0698 | 0.0003 | 0.2028 | 2.1515 | 39.6009 | 14.3532 | 0.0007 | 0.5741 | 1.3641 | 40.1490
18 | 5.0514 | 0.0003 | 0.2020 | 2.2187 | 40.8832 | 13.6592 | 0.0002 | 0.5464 | 1.5097 | 41.6917
19 | 5.1377 | 0.0003 | 0.2055 | 2.2140 | 40.9658 | 13.7411 | 0.0002 | 0.5496 | 1.5362 | 42.7054
20 | 5.0879 | 0.0003 | 0.2035 | 2.2513 | 41.7433 | 13.4196 | 0.0002 | 0.5368 | 1.5601 | 42.7588
21 | 5.2737 | 0.0003 | 0.2109 | 2.2955 | 42.7690 | 13.4621 | 0.0002 | 0.5385 | 1.5925 | 44.5667
22 | 5.1639 | 0.0003 | 0.2065 | 2.3625 | 44.0076 | 13.0612 | 0.0002 | 0.5224 | 1.6799 | 46.0339
23 | 5.2130 | 0.0003 | 0.2085 | 2.4094 | 44.9467 | 13.3572 | 0.0002 | 0.5343 | 1.6723 | 46.2334
24 | 5.1899 | 0.0003 | 0.2076 | 2.4346 | 45.7574 | 13.0169 | 0.0002 | 0.5207 | 1.7145 | 48.3870
25 | 5.4558 | 0.0003 | 0.2182 | 2.4926 | 47.4928 | 12.7276 | 0.0002 | 0.5091 | 1.7378 | 48.0802
26 | 5.1462 | 0.0003 | 0.2058 | 2.5150 | 47.3747 | 13.2576 | 0.0002 | 0.5303 | 1.6992 | 47.1895
27 | 5.1796 | 0.0003 | 0.2072 | 2.5642 | 48.4443 | 12.8027 | 0.0002 | 0.5121 | 1.7829 | 49.8737
28 | 5.2982 | 0.0003 | 0.2119 | 2.5981 | 49.0846 | 13.0549 | 0.0002 | 0.5222 | 1.7774 | 49.4295
29 | 5.3340 | 0.0003 | 0.2133 | 2.6183 | 49.4789 | 12.9706 | 0.0002 | 0.5188 | 1.8191 | 50.2209
30 | 5.3394 | 0.0003 | 0.2136 | 2.6691 | 50.6808 | 13.0235 | 0.0002 | 0.5209 | 1.8395 | 51.7601
31 | 5.3569 | 0.0003 | 0.2143 | 2.7356 | 52.0870 | 13.0945 | 0.0002 | 0.5238 | 1.8817 | 52.7570
32 | 5.5068 | 0.0003 | 0.2203 | 2.7886 | 53.1441 | 12.7545 | 0.0002 | 0.5102 | 1.9308 | 54.4809
33 | 5.4967 | 0.0003 | 0.2199 | 2.8356 | 54.1273 | 13.0286 | 0.0002 | 0.5211 | 1.9754 | 55.7816
34 | 5.5078 | 0.0003 | 0.2203 | 2.8867 | 55.1935 | 12.7331 | 0.0002 | 0.5093 | 2.0179 | 58.3343
35 | 5.4799 | 0.0003 | 0.2192 | 2.9762 | 56.9572 | 12.5650 | 0.0003 | 0.5026 | 2.0395 | 59.3190
36 | 5.6129 | 0.0002 | 0.2245 | 2.9695 | 57.0076 | 13.3370 | 0.0002 | 0.5335 | 1.9984 | 57.5920
37 | 5.8531 | 0.0003 | 0.2341 | 3.0153 | 58.0400 | 12.6288 | 0.0002 | 0.5051 | 2.0785 | 60.1560
38 | 5.7013 | 0.0002 | 0.2280 | 3.0756 | 59.4385 | 12.5637 | 0.0002 | 0.5025 | 2.1001 | 60.9420
39 | 5.6860 | 0.0002 | 0.2274 | 3.1287 | 60.4933 | 12.5156 | 0.0002 | 0.5006 | 2.1376 | 61.9585
40 | 5.8288 | 0.0002 | 0.2331 | 3.1311 | 60.7428 | 12.6447 | 0.0002 | 0.5058 | 2.1150 | 61.8154
41 | 5.8804 | 0.0002 | 0.2352 | 3.1971 | 62.0670 | 13.1127 | 0.0002 | 0.5245 | 2.1174 | 62.0380
42 | 5.8954 | 0.0002 | 0.2358 | 3.2444 | 62.8889 | 12.5497 | 0.0002 | 0.5020 | 2.2089 | 64.6771
43 | 6.2309 | 0.0002 | 0.2492 | 3.2773 | 63.4540 | 12.6127 | 0.0002 | 0.5045 | 2.1977 | 64.3334
44 | 5.9196 | 0.0002 | 0.2368 | 3.3077 | 64.3002 | 12.1332 | 0.0002 | 0.4853 | 2.2477 | 66.2809
45 | 5.8756 | 0.0002 | 0.2350 | 3.3523 | 65.5134 | 11.9810 | 0.0002 | 0.4792 | 2.2756 | 66.3790
46 | 5.8526 | 0.0002 | 0.2341 | 3.4045 | 66.7612 | 11.9449 | 0.0002 | 0.4778 | 2.3428 | 67.9265
47 | 6.0176 | 0.0002 | 0.2407 | 3.4528 | 67.8749 | 11.7923 | 0.0002 | 0.4717 | 2.3809 | 68.7000
48 | 6.1089 | 0.0002 | 0.2443 | 3.4736 | 68.4513 | 11.4473 | 0.0002 | 0.4579 | 2.4636 | 69.2426
49 | 6.1598 | 0.0002 | 0.2464 | 3.5068 | 69.0763 | 11.5157 | 0.0004 | 0.4606 | 2.4099 | 71.7087
50 | 5.9812 | 0.0002 | 0.2392 | 3.5681 | 70.4344 | 11.0481 | 0.0002 | 0.4419 | 2.5476 | 71.7873
51 | 6.2180 | 0.0002 | 0.2487 | 3.5836 | 70.3964 | 11.4900 | 0.0002 | 0.4596 | 2.5012 | 71.1445
52 | 6.1446 | 0.0002 | 0.2458 | 3.6208 | 71.8700 | 10.6117 | 0.0002 | 0.4245 | 2.5639 | 74.6159
53 | 6.2067 | 0.0002 | 0.2483 | 3.6067 | 73.0751 | 10.7185 | 0.0002 | 0.4287 | 2.5289 | 74.8755
54 | 6.0149 | 0.0002 | 0.2406 | 3.6761 | 74.5795 | 10.5278 | 0.0002 | 0.4211 | 2.5681 | 75.7768
55 | 5.9658 | 0.0002 | 0.2386 | 3.7345 | 75.1743 | 10.4464 | 0.0004 | 0.4178 | 2.6012 | 79.1680
56 | 5.9008 | 0.0002 | 0.2360 | 3.7733 | 76.1348 | 10.2859 | 0.0002 | 0.4114 | 2.6434 | 77.4834
57 | 5.9826 | 0.0002 | 0.2393 | 3.7983 | 76.9211 | 11.0471 | 0.0002 | 0.4419 | 2.6387 | 77.7156
58 | 6.0334 | 0.0002 | 0.2413 | 3.8463 | 77.9131 | 10.8588 | 0.0001 | 0.4343 | 2.7036 | 80.2545
59 | 5.9707 | 0.0002 | 0.2388 | 3.8993 | 79.2672 | 10.2618 | 0.0001 | 0.4105 | 2.7431 | 81.8870
60 | 6.0676 | 0.0002 | 0.2427 | 3.8895 | 79.5047 | 11.1096 | 0.0002 | 0.4444 | 2.6838 | 81.4759
61 | 6.1375 | 0.0002 | 0.2455 | 3.9456 | 80.2194 | 11.2842 | 0.0002 | 0.4514 | 2.6800 | 81.7660
62 | 6.0998 | 0.0002 | 0.2440 | 4.0142 | 81.9636 | 10.8315 | 0.0001 | 0.4333 | 2.7492 | 83.5068
63 | 6.2251 | 0.0002 | 0.2490 | 4.0410 | 82.2663 | 10.6268 | 0.0004 | 0.4251 | 2.7835 | 86.1572
64 | 6.1567 | 0.0002 | 0.2463 | 4.0874 | 83.5969 | 10.8531 | 0.0001 | 0.4341 | 2.8444 | 85.7388
65 | 6.3808 | 0.0002 | 0.2552 | 4.1331 | 84.2707 | 10.5608 | 0.0002 | 0.4224 | 2.8541 | 86.1308
66 | 6.2693 | 0.0002 | 0.2508 | 4.1613 | 85.4126 | 10.6222 | 0.0001 | 0.4249 | 2.8818 | 87.5976
67 | 6.4060 | 0.0002 | 0.2562 | 4.1895 | 85.9554 | 9.8901 | 0.0002 | 0.3956 | 3.0166 | 89.4021
68 | 6.5721 | 0.0002 | 0.2629 | 4.1864 | 86.6086 | 9.7594 | 0.0002 | 0.3904 | 3.0279 | 89.6447
69 | 6.5451 | 0.0002 | 0.2618 | 4.2754 | 87.6233 | 10.1627 | 0.0001 | 0.4065 | 3.0492 | 90.0999
70 | 6.4793 | 0.0002 | 0.2592 | 4.3603 | 89.1417 | 10.1104 | 0.0002 | 0.4044 | 3.0924 | 92.1785
71 | 6.5381 | 0.0002 | 0.2615 | 4.3991 | 90.1005 | 10.1490 | 0.0002 | 0.4060 | 3.0815 | 94.1286
72 | 6.4884 | 0.0002 | 0.2595 | 4.4122 | 90.8660 | 10.0605 | 0.0002 | 0.4024 | 3.0396 | 94.0426
73 | 6.4623 | 0.0002 | 0.2585 | 4.4274 | 92.0835 | 10.0310 | 0.0002 | 0.4012 | 3.0881 | 95.7060
74 | 6.4531 | 0.0002 | 0.2581 | 4.3930 | 93.3623 | 9.7609 | 0.0001 | 0.3904 | 3.1073 | 97.3471
75 | 6.4951 | 0.0002 | 0.2598 | 4.4768 | 94.0279 | 10.2440 | 0.0002 | 0.4098 | 3.1396 | 98.3401
76 | 6.3708 | 0.0002 | 0.2548 | 4.5817 | 95.7603 | 9.9781 | 0.0001 | 0.3991 | 3.2046 | 99.1065
77 | 6.4708 | 0.0002 | 0.2588 | 4.6531 | 96.2715 | 10.4736 | 0.0002 | 0.4189 | 3.2211 | 101.1069
78 | 6.4910 | 0.0002 | 0.2596 | 4.7832 | 97.2645 | 11.1972 | 0.0001 | 0.4479 | 3.1815 | 101.0088
79 | 6.6034 | 0.0002 | 0.2641 | 4.8426 | 98.5448 | 11.4148 | 0.0001 | 0.4566 | 3.2013 | 102.6849
80 | 6.5442 | 0.0002 | 0.2618 | 4.8653 | 99.0927 | 11.5174 | 0.0001 | 0.4607 | 3.2157 | 102.6267
81 | 6.4812 | 0.0002 | 0.2592 | 4.9098 | 100.2699 | 11.3956 | 0.0001 | 0.4558 | 3.2071 | 102.2728
82 | 6.4461 | 0.0002 | 0.2578 | 4.8958 | 100.4442 | 11.3147 | 0.0001 | 0.4526 | 3.2367 | 104.2324
83 | 6.4449 | 0.0002 | 0.2578 | 4.9029 | 100.5716 | 11.0299 | 0.0001 | 0.4412 | 3.2197 | 103.0474
84 | 6.4400 | 0.0002 | 0.2576 | 4.9241 | 101.8242 | 10.4782 | 0.0001 | 0.4191 | 3.2990 | 106.4297
85 | 6.3488 | 0.0002 | 0.2539 | 4.9408 | 102.3070 | 10.6580 | 0.0001 | 0.4263 | 3.3230 | 106.9324
86 | 6.3756 | 0.0002 | 0.2550 | 5.0051 | 103.6828 | 10.5447 | 0.0001 | 0.4218 | 3.3787 | 106.2244
87 | 6.4837 | 0.0002 | 0.2593 | 4.9927 | 103.7249 | 10.1368 | 0.0001 | 0.4055 | 3.3618 | 108.0893
88 | 6.3884 | 0.0002 | 0.2555 | 5.0289 | 105.1544 | 10.1675 | 0.0001 | 0.4067 | 3.3975 | 108.7581
89 | 6.5121 | 0.0002 | 0.2605 | 5.0932 | 105.5390 | 10.6408 | 0.0001 | 0.4256 | 3.3703 | 109.5516
90 | 6.4607 | 0.0002 | 0.2584 | 5.1156 | 106.6013 | 10.5194 | 0.0001 | 0.4208 | 3.3956 | 110.0330
91 | 6.4026 | 0.0002 | 0.2561 | 5.1777 | 107.6873 | 10.8909 | 0.0001 | 0.4356 | 3.4357 | 111.0277
92 | 6.6596 | 0.0002 | 0.2664 | 5.1623 | 107.3409 | 11.0568 | 0.0001 | 0.4423 | 3.4531 | 110.4012
93 | 6.7261 | 0.0002 | 0.2690 | 5.2189 | 107.9928 | 11.0651 | 0.0001 | 0.4426 | 3.4927 | 110.7349
94 | 6.7362 | 0.0002 | 0.2694 | 5.2517 | 108.6355 | 11.9297 | 0.0001 | 0.4772 | 3.5916 | 112.9651
95 | 6.7473 | 0.0002 | 0.2699 | 5.3676 | 109.9809 | 11.7226 | 0.0001 | 0.4689 | 3.6378 | 113.7568
96 | 6.8457 | 0.0002 | 0.2738 | 5.5260 | 111.3027 | 12.4373 | 0.0001 | 0.4975 | 3.7542 | 115.5146
97 | 7.1587 | 0.0002 | 0.2863 | 5.6398 | 112.8361 | 12.7274 | 0.0001 | 0.5091 | 3.8221 | 117.1866
98 | 6.9798 | 0.0002 | 0.2792 | 5.7226 | 114.8715 | 12.0828 | 0.0001 | 0.4833 | 3.9334 | 119.4616
99 | 7.0050 | 0.0002 | 0.2802 | 5.7494 | 115.4375 | 12.3390 | 0.0001 | 0.4936 | 3.9229 | 120.6842
100 | 6.9102 | 0.0002 | 0.2764 | 5.7654 | 115.9790 | 12.4652 | 0.0001 | 0.4986 | 3.9486 | 120.7532
